10000
49 2267 2 1605 3 21 159 7 685
5 1 527 83 5451 2177 76
4 1822 795 8 5220 42 1 96 153 48
3 1328 123 146 242 5549 4905 136 278 2361
2 992 27 11 32 214 3409 2802 3839 6
1584 126 211 2524 4094 180 5
578 31 4422 2054 1 200
821 4796 186 3 5789 77 213 9
9037 5455 13 10 6735 12 8 1072 125
496 9 339 19 2817 815 4136 14 8260
4075 18 5 91 582 20 8069
190 28 602 17 117 36 9 7469 1683 15 6990
284 9181 1675 9 943 3708 603 285 1059 5672
121 2249 24 10 1490 7671 296
1967 235 644 679 23 12 16 2451
71 5513 9351 30 3393 9764 1674 302 8113 15 4698
6844 195 12 4037 26 98 38 29 92 168 155 550
216 1690 1662 11 75 189 34
1383 1163 7350 4901 47 184 445 10 4165 505
6796 344 111 1394 57 413 396 11
3214 22 94 1 39 66 279 164 3564
5341 192 21 81 1772 615 205
426 25 512 7735 15 3448
1082 1638 14
89 23 3513 53 1467 3290 202 8678
8798 33 64 1814 2321 17 51 372 2965 5321 2937
312 5 223 225 9370 265 3366
955 12 198 983 4119 3339 2606
374 174 4356 3265 17 1921 43
166 16 255 2540 4712 8726 1708
37 139 283 7 50
1020 5 580 52 509 61 4760
26 9806 9108 346 55 59
425 35 4322 4207 392 1110 18
2116 60 2918 34 85 120 444
12 368 894 345 80 40
553 31 566 8059 3541 45
222 353 538 484 521 17 1167 41 65
240 129 73 1029 797 44 56 21 62 58 1060
568 106 54 36
7309 1685 2523 38
4057 3 6839 366 327
741 63 46 6576 859 2192 29
877 248 172 3750 39 385 86 173
5543 70 1166 1447 37
224 43 1298
2207 19 4777 231 1353
4989 997 3 618 3236 1244
1 6213 7972 1521 258
1220 260 3922 31
3400 95 74 26 82
72 907 846 2016 1247 3525 32 134
672 995 3340 68 93 2050 25 169
3331 670 2352 119 40
253 78 33 592 187 244 635
1364 1156 39
614 2828 181 2346 2394 20 5823
197 150 157 826 793 107 3451 39
237 4696 438 1153 33
35 748 7100 99
407 7656 784 552 800 232 32
798 39 103
43 118 8963 727 4438 105 985 182 8833 130
370 26 234 3664 135
963 2125 2059 461 2137 101 1210 137 38
67 87 97 21 1500 132
8422 66 104 526 2912
133 53 7295 147 1331 69 834 1297 3136 440 2702
68 561 8721
45 855
16 325 2103
52 4420 1677 349 3481 263
491 39 2445 175 152 1183 161 507
128 51
822 5125 464 9942 1949 18 1054 90
2379 79 2
4295 8
1100 2388 55 2227 721 575 261 1336
1051 1721 5188 2447 76 84
5229 2716 633 254 241 36
7752 22 1537
421 7377 191 51
306 2159 114 739 2 465 3683 112
221 5887 307 2950 1472 140 5771 79 142
4581 1791 6697 100 35 1301
1743 321 1602 179 495 3594 977 2790 44
740 144 66 281 88
2027 8581 87
364 4600 25 4201 650 1626 8834 124
127 75
1951 11 201 115 1609
554 311 400 167 102 1146 17
1309 1398 53 541 4173
8795 21 5118
51 230 1099 4090
160 567 1503 3 148 2569
2664 8102 66 1430
17 879 623
3483 2043 2473 2385 60 268 2859
4898 299 109 424 276 85 2405 930 2701
1826 405 7943 1828 65 486 397
215 2467 333 7779 2281 92 639 7162 108
183 394 62 310
404 2391 67 2911 5227
1654 4118 63 4481 492
984 40 9341 1962 922 9648 1188 2685 7512 1269
3730 2005 58 113 318
110 403 558 102
100 5486 304 227
6146 2873 108 453 8237 7167
122 1231 7082 20 805 4357 9024 734 273 601
218 178 3209 196 402 83
1064 138 489 107
1196 1022 2333 2933 83 7554 8955 1216 3856 9851
7882 116 498 91 188
1431 1833 5879 194 115 3968
12 2827 648 151 303 917
63 876 294 199
220 1077 355 3235 54 2816 2238
35 439 2357
14 217 206 725 9579 8620
111 5871 3048 3896
2575 1227 1095 4 238 5911
4366 171 532 1636 493 770 89 411
763 7949 5993 1236 1594 162 9
490 3050 6 131 1569 5216
90 5427
687 74 4281 909 1649
39 145 209 158 837 3576
1211 6443 2888 63 6792 2709 334
643 2650 126 4206 8340
1263 3296 3593 66 1863
68 533 596 9468 1271 7203 163 5791
9196 8638 52
665 4007 64 3674 1275
4
7523 1066 430 204 141 277 65 301
8916 113 441
847 8686 143 31
4556 84 7763
1821 137
149 84 475 4883 1299
956 139 626 1318 2929
630 87 472
129 2821
7035 2040 8893 4 2099
9414 68 751 1045
2722 1774 920 1608 1116 96 154 547
9087 4337 678 142 890 170 1368 6612
771 58 391 787 1446 9627
369 857 117 8921 4361 7475
690 6621 73 282
8999 290 324 9666 3
156 329 1130 519 5612 203 219 148
8703 257 4991 17 5028
154 7911 925 177 389 1874 494 3766 8719
3980 6889 2750 5265 1408 58 4439
165 212 5243 129
1915 828 1 8375 256 1727
96 185 564
4506 682 73
3284 2964 597 3853 2370 125 7161
133 7893 350
6396 812 395 343 21
158 6594 501 239 3906 7369 5749
380 30 8080 6218 1429
92 360 4017 8261 459
1482 2085 7137 3976 17
531 9444 53 576 6438
8449 149 4268 1187 1556 383
437 298 124 8835 5541
336 2212 210 44 559 1771 2721
1651 967 5744 2762 4694 999 309 291 44
1857 3520 2353 342 2277 29 510 6644 176
347 506 2781 73 4778 481 3597 300 813
6093 174
572 156 719 3332 292
112 9622 715 497 808 3100 1241
9970 9621 86 2667 2312
2155 8106 4759 337 6 896 1994 319 5038 8552
57 3833 236 551 5594 5006
280 63 809 1281
193 103 246 1478 2336 1714
6686 19
160 226 5298 574
454 8 8274
365 2149 8840 264 55 315
2275 1982 2435 250 420 115
571 667 1339 18 4948 4158
12 3996 581 7741 3117
6434 1265 82
8944 22 1693
317 183 4505 8429 466 208
1560 116 1745 898
6571 2978 749 17 1139 1943
1047 207 112 1906 637 289 540
58 2989
28 5862
479 118
1206 247 7
91
6583 470 25 388
154 3343
287 137 1034 1369 2202
1052 6626 654 22
688 121 314 750
196 2507 2694
359 928 320 193 621
887 5717 272 129
172 849 1471
328 6 2611 2729 1411
657 158 1944 274 228
2341 1706 8 451
4476 297 5 362 262
1050 102 338 611 3398 9810 929 508 4015 1990
5580 18 1070 2430 2916 866 934 2263 966
382 326 233 121 9601 7294
854 9117 112 252
270 269 743 640 1291 2012 243 154 1366
245 119 271 4335 1846 2121 1691 6544 462 251 2184
84 249 381 293
5849 4899 38 5552 427
27 2917 6037 348
3308 46 3315 764
7807 691 27 1452
356 229 861 185 1847 2723 772
5692 6274 109
3418 5870 212 676
226 2548 889
1832 330 95 6047 799 450
47 2737
4330 5304 1551 61
387 217 1240 1076
7486 64
15 860 663 689
2429 181 1376 1800
6911 619 59 4279 398 5001 322 2424
443 1980 123 1734 936 746
275 9706 9876 165 3391
39 2551 3281 1046 1008
468 841 80
4423 604 3573 7507 288 4 589 9847 893
448 2255 1000 1085 1037 219 259 332 1454
1647 717 55
473 220 1117 323 476 1092
3237 183 6429 308 500
6855 2109 200 8275 316
724 44 480 557 675
858 645 537 221
9270 2061 2442 1851 960 188
2093 408 295 2567 220
218 2849 422
55 3080
80 511 1746
503 897 30 6680 386 8723 376
2396 449 3442 2316 1437 159
3957 266 354 155 543 6692
902 1371 1641 4076 335 267 49
1640 243 4984 1402
50 8387 4354
286 850 1479 651 78 1009
429 417 7607 4965 214
72 5572 3089
8371 994 745 187 4936
313 1526 3740 8706 305 1696 8296 27
469 257 1704 2187 3357 794 911 1882 406
1053 3240 775 258
8934 2129 2456 99 3118 3348
9539 546 431 219 976
219 2331 1667 937
1073 220 2023 3291
811 2531 788 5991 209 4095 666 1527
2534 111
3293 1252 212 853
239 8070
658 100 638 3063 1230 2219
137 1692
384 9932 3452 5428 594 357 4
9367 21 8195
884 182 5677 3157 3468
4303 2889 87
418 1823 4678 1892 152
1748 6649 4554 1200 5160 31 352 1421
13 1113
471 6165 13
1668 579 261 1300 2455 340 5481
7822 204 5245 436
5617 242 488 838 5671 5598
3016 452 1262 196
563 607 153 467 410 916
2675 1598 1937 173
4923 351 950 177
646 3034 2500 456 708 3295 412 4069 221
118 1445
8689 516 331 251
5388 8619 504 4290 14
214 5460 1879 832 520
171 1305 1284 2508 723
100 722 502 2242
1588 871 593 175 3754
6777 5085 137
792 16 4875
6235 2512 9089 863 117
109
458 7199 265 878 2690
1030 83 6091 9820 1597 669 2412
485 84 1942
5663 246
9454 2201 173
2347 1278 659 919 545 103 419
7557 777 5343 92 5344 1473 1563 544 529
27 565 2198 5802 4316
377 265 2501
5730 1458 7759 206 390 1302
1175 416 4748 978 341 187 3640 2151
1695 2083 2506 4504 769 247 1017
193 1959 617 5071 435
845 9974 683 107
180
208 699 1260 9023
1226 5732 86 2425 7611 1111
378 695 761 237 7655 2872
245
415 153 2985 753 457 373
3935 71 1502
217 5654 1124
656 42
211 4773
154 1171 1321 2586
230 673 1880 4815 6668
1214 434 3349 295
5430 518 243
2798 102 528 3025
756 1374 130
7402 258 9209 1121
172 869 9308
2182 2330 5742 180 1532
215 598
5793 4866 1869 10 361 1491 628
9585 3200 701 6705 363 286 428 1592 371
315 599
1621 174 2652 2428
1136 1084 164 5646 399
4722 2939 20 8628 1381
36 1354
1499 5294 33
175 932 729 401 379 367 548 668 1938
9238 9590 4317 2656 223 482
72 8074 1212
3477 8418 163
292 4370 606 569 736 7051 3668
2741 375 283 641
4619 38 600 1463
908 257 662 4793
1600 119
226 6385 358 4649 8216 587
870 1719 278
6302 990 1119 356
208 1272 1788 2175 1343 6379 1246 8544
8064 167 8177
2932 8138 339 2844 1518
7603 214 5467
1749 786 340 1669 463
89 9256 3712 4005 634 6059
187 1088 523 4065 4448
3732 1512 42 1122
5002 347 6012
988 886 36 3912 803 9583
8758 151 620 3850
2218 64 1630 7054
590 720 340
3485 26 3341 3301
5607 2510 324 814 8715
29 549 1436 5655 6189
7648 352
1616 573 2360 1515 836 255
460 313 1356 517 4775
322 1101
347
166 1162 1465
433 7996 5718 1292 5851 221 3945
946 217 1323 4888 477
3966 7854 170
278 5752
44 556
8020 255
233
409 4081 2148 202 414
9624 156 393
664 1098 9968 314 1133
8043 150 9928
781 34 9083
515 389
103 2440 833 423 2522 1422 1389
5264 164
2839 1486 1610 20 1902
8838 9988 4425 3521 446 1044 101
8933 6073 4654 237 1195 1487 4636
1434 1180 6130 499 1981 343
447 7276 92 839 588
347 560 1068 1776
112
5315 108 754
104 9603
712 101 2126 8464 2784
595 266
61 9525 1671 442 1549
2822 830 251 7561 910
874 388 8434
1480 290 9013
3809 7634 726 124
1091 652 293 5150
4532 20
3624 6420 2326 388
324 1043 1753 4228
315 9360 8165
262 483 1978
7682 282 1129 1242
432 4254 649 310
7281 631 188 3782
82 6424 7463 4365 474
2235 530 705 3705 3601 252
7954 394
100 738 4502 968
1417 34 5252 2837 1658 6645
23 5292
1517 612 2078 222
340 4233
262 1351
535 5696 8108 137 4026
269 8365 671 6470
912 419 981 6005 1011
381 1038 478 525 1837
331
653 2009 2609 610 1177 317
1802 287
171 733 9249
1496 1346 59 728
120
1543 8299 68
138 3931
407 2102 1987
901 238 9921 1295
9567 1078 35 702 2884
19 6010 3535 555
2479 696 397 1169
400 2748 958
5731 243 5064 5066 6683 3098 1460
256 8615 3884 4657
1591 1438 3556 230
962 213
2310 6773 289 782
487 2899 110 8450
186 1484 455 5135 1751
6352 4586 9498 660 454 3129 585 1703 4848
293 6815 2313 1035 3763 3379
605 1993 2862 2990 704 324 1001
305 6481 2318
4106 3213 2044 167 949
377 1961 1655
7765 7532 1781 65 8370
8033 522 3125 220
2738 2176 4681 363 8251
534 75 1511
4263 1335 83
1775 5579 915 1985 1055 2400 1849 193 1125 1794 1999
290 1787 4054 1624
1528 6630 241 6854
266 1564 2478 709 4388 825 1890 4138 608
5277 2766 4455 993 1407 655 2204 202 627
285 8991 732 1469 2558
796 1843 904 1065 144 2408
245
4442 513 1108 4842 421
1712 142
1773 1204 245 514 3914 3629
848 536 8553 8000 382
433 5442 706 3501
8290 199
248 1661 5869
3519 1713 3482 175 2841 584 1286 1067
5406 1172 348
1997 417 2843 647 1672 4621 5716 766
4307 38 1555 941
307 969 9178
8060 6078 1358 1541 101 4553
453 4410 3743 2296
742 2293 288 851 8822 2403 3472
113 698
126 947
73 2865 3010 840
539 2475 5667 105
124
156
7125 9486 2834 780 86
10 2825 785
625 178
2751 115 524 843 4326
1859 8905 399
4616 6600 6083 1152 4368 1881 8983 5223 5950 246 4043
1357 165
591 299 3189
1235 255 791
6984 9944 296 3552 4890 5119 3549 5682
624 19
2122 1089 175 9092 6780
73
1382 1027 6087 215 1380
6579 3219 681 1377 844 32
174 3461
1559 1142 1603 254
23
1747 474 4641 1413
661 2543 1488 476 6992 1075
1582 8145 4913 5826 393 4552
295
377 1173 1209
1627 697 332
154 684 1193 923
1418 1958 1186 297
2678 1570 4570 642 38
935 2437 1234 462
365
700 1456 498
731 2458 433 1360 737 609
9568 1277 67
5335 2 3608 583 562 933
542 333
942 7346 3365 1865 311
8755 422 2634 1870 973
1485 169 3598
1304 3392 124
133 824 3054 716 3764 6036
8762 464 1373 8153 613 5909 5005
430 938 4754
3071 1115 477
249 1287 8636
1765 38 9118 4208
8046 492 7919 7513
2143 3628 196
9639 2788 9295 93 1249
2653 4396 2772 528
3651 8081 3509 257
680 311 2462
778 865 310 2832 2343
3361 269 1363 622 4511
5561 148
347 7103
374 577 7098
5873 17
4460 4164 817 181
61 3294 677 3861 1629
8344 37
6290 92 1016 4416 3355
1917 570 5640 5072 1344 6702 445
1164 888 385
1324 248 1844 2381 6847
2046 108 3504 3073
6651 7969 172 6237
401
69 2482 1325
8456 1138 527
290 1495 5785 3151 9259 1155 1520 1889 1338
3447 5033 3634 160 1678
312 1639 5787
9628 37 758
9910 96 1820 6090
40 4780
351 3578 1864 3170
5960 555 3228 8212 1112 8750
189 1845 5470 1069 7009 694
177 5532 8996 718 693 8771
376 7237
185 2171
1058 6231 7701 78 5084 1405
1927 789 2961 2624 3226 169 9329
875 6810 867 632 549 5734
1013 8061 7 1159
286 3027 9744 1165
1004 1589 1766 2547 7398 32
7399 4028 190
3000 5409 11 767 2057
7562 2820 586 1790 527 1102
1983 703 481 1884 4426
759 1700 9903 3929 927 455
3087 3888 583 4137
6492 899 7608 356
713 400
980 242 1375
371 6823 2319 3927
2988 2563 710 502 2838 1145 1158
1898 55 1327
686 4942 300
278
406
9202 133
5239 7238 1956 9243 162 8632
3847 1673 338
4340 6682 9718 1057 341
1109 1243 353 5377 616
801 2239 111 5140
12 1201 979 1783
4908 13 2327
242 8358 1409 820
457 1505 5808 1853
351 1137
885 290 5368 3734 755 3585
823 1977 9807 5249 469
2438 3530 1283 5308 525
1096 707 1063 435 4803
1184 215 629
1207 3077 427 752
4977 1248 534 1237
1546 57
3636 827 1599 852 2486 6754 22
600
4862 317
926 1093 3397 48 636
237 4367 1635
369 2247
4484 1330 1219 3791 1224 882 208 9980
1424 546 1483 1534
2549 1310 1387 944 1793 98
776 2922 2322 505 880
497
143 4349
692 470 1120 2419
779 5656 4046 339 1736
1642 611
3515 144 773
3605 4392 420 5198
1412 577 2528
6943 80 996
364
3641 55
4402 1080 2471 618
964 2747 196
829 4575 8815 276
2566 102 3632
219
2583 2967 1349 352 3840
4323 521 862
131 9730 810 6728
15 9935 7530 1653 2953 3132
3083 249 2229 1476 1097 8843
293 8077 5556 9717
711 762 483 2034 7429 1086
3274 117 1587
2940 1578 765 419 1147
3838 9226 951 89 939 1466
6531 9175 1018 261
5316 412
435
1106 7241 205 2773
5531 470 1998
327 986
921 212 3905 4744 3910 2842
276 9274 3944
768 310 1103 819 818
842 455 1842 760
514 2853 1440 3211
354 2525 991
2954 235 9201 735 1273
390 5846 3700 2298
135
272 3494 3571
189 835 757
674 2335 1391 8872 347
1817 306
6561 54 6129
431 807 5622
53 6493 1314
330 1215 8903 1015 1161 3364
668 2004
3531 248 2257 6228 2022 954
2105 1221 790 228
2608 1809 2108 2328 552 952 3224
149 1397 6880
1866 15 1168 2236 1185
544 2262 2112 5768 3707
1789 8224 509 1579
161
1319 4765 881 883 318 1105 7439
519
4465 1107 1
1996 593 804 5412 8155
128 6020 4126
206 8282 3709
9460 235
152 6436 4325
1992 225 4098
1455 1370 1617 627 972
572
971 571
322 1131 3009 5633
2948 1442 446
518
1025 489
2785 320
524 2641
998 340 9936 3592
444
584 9323
714 457 2190
7209 422 5757 2320
2071 478
610 2432
2858 2559 293 3539 5797
469 5360 1308 783 1897
802 1396 591
647 6344 730
405 1039 6487 6699 6284
6361 588 2835 8374 2062 2269 1006 1705
704 1540 1426 9613
7152 1062 1026 5610 178 1028
533
1416 2661 244 924
2286 572
177 9236
371 806
8294 2587 5741 78 2282 1074
299
1728 1239 4590 7967 1399 298
248 872 7617 1149
121
411
63 3865
3247 438 6479
347
9850 711 918 1203 2164
1253 525 2539 7720
1190 3947 471
4387 437 2643
903 1176 111
1538 663 1141 5503 9135
5536 351 744
7013 525 4785
4453 1056 3334 424 1799 9147
3720 2550 83 5621 5524
87 1181 774 2881
43 1780 9298 8047 5625 3373 2165 7432
488 9403 747 1225
219 2605 9886
2659 3562 6004 736
264 5289 6022 4412
2380 9416 864 238
3685 8207 1307 742 9410
2679 60
1759 195 3029 2340 4655
4500 1816 206
3975 9700 147 2060
7492 1334 612
5666 324 7690
2987 403
3713 607
2783 4971 334 2088 987
6289 667
1258 566
2208 585 868
660 2100
322 5618 7022
8981 647 6928 6172
125 2759 2210 7823
224 1899
2133 6391 649 1285
8400 1854 483
4019 2553 582 1979 4226 2960 1317
659
316 3575
891 8699 124
2243 5805 1577 150 2395 1797
2629 1461 226
630
7064 740 2942
1581 4508 267
624
3187 311 2776 7605
545 1021
628 1702 1251 1048 5659
1019 9726 495 9411 2742 8158
2797 392 931 1071
2495 452 1257
6981 709 4177
61
496 8079 2007
363 831 3175
4788 150
856 272 2259
5142 576 9126 1861 7380
676
2542 5124 503 3682
302 9638 1007 4128 5819
1873 2848 58 1014
1061 3079 266 2032
3 6365 3532
472 4907 5822 5867
1259 1885 39 2794 3154 906 913
62 6286 8913
230 8592 1348 9837
61
601 6569 1031 4493 8416
710 5117
816 2900 2289 368 5686
2418 1083 686
111 1189 1498 4990
720 1140 2463 1475
3238 671 1279
1689 9707 2561 178
182
1756 3670 643
272 1123 7342
1010 3551 4001 164
1256 1311 175
1433 1197 3466 373
10 3866
803 959
7186 551 4795
5723 1507 948 5061 659
1114 659
7928 2136 989 975 8848 604
8 8607 1303 1739 2324
75 2090 1883
608 8100
2221 8839 533 3417 2348
4029 4255 1134 469
6759 1620 58
615 1032
8858 6732 159 1036 2599
638 7852
408 2483 4895
4903 1660 3232 786
7550 2094 297
1808 394 5375
68 5207 961
5103 667 1428 3002
3796 4224 376
5809 129 1494
1805 288 3825 5989
1427 400 1312 9320 1393
491 1023 1862
241
660 2875
1118 498 4167
873 1804 509 2760
318
1079 52 4643 1223 1758
139 895
477 965 1682 7068 3167
1293 210 4592
261 1126 5772 7049 1838 2421 7829 1670
7744 1545 488
615
6772 8571 274
218
1042 70 1622 5971
788 3901
2868 9292 151 8176
249 1420 1803 3430 6508 4713
5517 1891 43
235 8353 1400
226 1033 1614
982 642 9002 914
9227 1315 303
3889 746 8940 1267 3667
545 3230 2049 3646 2895
6720 216
4811 577 8743 2982 1955 2209
759
336 1127 7158
357 2879 8764 5052
8203 6169 300 900 1492 8761
724 892 1827 3141
844 7134
409 3115 6629 3956 905
1755 577 1342
9528 118 1770 2119 3746
5480 44
2639 4344 305 2603 8730
98
624 3514
683 945 5678
9192 1199 940 621
7500 683 4052
280 6933 4791 1002 1547 4723
607 1179
8346 368 7336
1282 209 1573
556 1963 1737
1510 1544 229
149 1337
770 8134
872 1170 3155 1154
242
1504 6638 36 6779 2468 8411
1350 7952 7278 847
2127 5565 3923 180
1914 7072 1462 255 957 5786
3798 5323 1604 194
2417 587
4986 871 2052
9250 443 9679
1470 258 1634 1326
734 2274 1087
472 2084
3280 1128 1453 874
5401 797 3569
52 2901 1972
354 8049 8191
1786 128 3163 5504
2597 2028 1378 408
4449 8240 266
2852 970 432 4062
2622 797 2124
5287 862
1040 466 1296 5432 4675 3062
290
1192 2554 117
730 4152
4806 2234 9395 310
2420 148 3267 2422 9786
657 1390 1182
106 1332 3457
1313 5895 8701 2066 519
2261 4419 717
156 3841
618 2025 1144 3436 5603
3208 3325 585 1361 3218
208 1205
2345 215
1024 100
1948 781 2410 5868 1923 3068 1553 3610 1750
2413 347 2225 1525 2258
4127 527
216 1208 2712 974
522 9190 4555
2906 1386 4144 9269 2909 238
1003 1995 270 8508
6637 535
2703 650
8641 882
484
5984 7488 529 2292
1191 13 1449
623 9336 3441
3973 953 1720 5573 8227 881 1218
382 5929
1778 490
1041 818 2647
459
5634 3834 3814 2847 292 1724
1352 2670 6665 650 5811
1646 677
945 1448
4620 3897 2623 675
28 3924
8011 143 7024 4308
897
1813 1148 447
9993 816
7141 5990 3396 1094 250 1198 1593 5224
2081 834
2407 451
65
637 2241 4800 3408
2254 848 5925 1657 2885
4819 216
173 4409 1238 8650
1763 424
1850 1819 7770 6212 485 1359
5027 912 2224 1005
4981 5194 2076 694
8776 8151 5972 2564 692
3645 530
1645 2001 1245 4260 934
8384 1542 820
269
2529 3128 86
315 3729 6126 2927
602
1264 5214 589 1731
8254 4771 432 1940 3917
862 2958 1049
3665 4292 28 3738 9542
2113 106 3862 1848 7711
8337 63 1489 2923
656 1255
1451 756
368 1254 2161 4834 1686
8469 4521 820
358 2981 1576
3327 2728 662
5 2070 5065
470 2291 5557
264
53
2168 5914 633
2812 48
701 2110 2725 1135
173 1104
1725 243 9584
457 1893
884
937
580 7320 4653
1913 1459 970 7546 2459 3086
2994 1840 9044 8747 713
4693 2035 4249 792
6307 5219 3251 1652 2382 240
1012 4197 261
812 1439 4212
3135 2337 432
1009 3919
578 2434
1965 1664 793
673 4955
1266 5976 3875 9017 554
1659 2135 316
5649 651 3439 8223
780 1290 6364 3829
32
778 4691 3855
114 1894 2063 8264
4669 2246 840 9909 7406
930 8909 2466
6853 698 1355 6281
715 5112
508 3860 1625 4545
3741 1090 715
5096 39 5798 4611
2138 306 5431
2864 1322 801 7416 2338 5365
3788 827 1280 1132 3074
2303 861
8506 1590 204 8949
3164 456
3384 2998 4487 2919 828
8859 243 7873
433 4084 9286
712
915 3817
1524 948 6003
1561 855 7803
415
397
2925 3286 6856 147
2810 1217 240 3542
196 3299 5877
5339 5783 1474 1306 779
2767 2302 2355 982 1403
215 6887 2578 4821
79 5807 7558 1941
7936 205 1174
4604 9467 267 6148 2552 1529
75
6107 466 5703 1202
1261 738
1606 1406 599
575
13
7311 39 9808
794 8817 4200
715 2651 3963
3019 5366 610 2058 1619
113 8995 3807
472 2941 2891 4042 3955
137 2006 6132 1583 4763
4498 481
8288 6080 4145 401
1081 571
216
5937 1160 781
9644 8481 1501 9 1824
271 2317 8082
2921 3478 3824 721
1935 514 3654
233
9400 1457 7703 119
1611 2181 2290 444 1552
846 3004
2260 2294 636 3041 1601
1069 7189
2808 4520 24 4881 9931 3402
804 7714 4705
2191 343 3233 3512
1760 9101 243 1143
3940 647
1856 1918 4877 903 2433
365
506
6867 1028
412 1392 8004 4391
3446 245 4319
1150 7362 618 9548 3305
960
123 5297 1681
610
1715 7194 645 6667
390 2928
5855 4234 4066 95 5986
78 7114 2874
9915 8549 378
7231 583
2470 659 1964 3587
2527 2596 999 1835
6052 6458 683 1294 1157
654 9969 9908
3773 685 3689 9234 1926
474 3437 2806
2813 600
1535 4196 6488 34
2195 321
3563 570
1904 3518 284
819 1829 1276
5702 2497 8705 7589 1852 536
6472 3186 4794 148 1663
245 1341 2489
9297 843 1825
358
1289 627 1643
1567 3097 335
2983 1516 366
8248 811 9550 9280
326
2753 1812 466 2134
850 8183
5978 1423 869 2295
6092 1401 905
418
154
2152 1151 695
1232 1929 1032
2140 1274 5113 390
3898 825 3621
998 1404 3026
343 2073 2309
606
562 3359
195 2068
2660 6018 1618 806
2404 1194 735
4911 511
3037 4582 5476 1085
926 5051 2146 1340
591 1830
92
3149 2193 1372 5319 649
1379 958 5777
1687 5766 1213 724
1093 2215 1464
3099 9600 4120 1131 2943
500 2179 1530
8214 6987 8796 59
4983 2117 892
563 8666
56 2266
4579 1178 4822 1105
4926 591
578
4016 4686 1071
1925 9669 673 1316 4542
9802 380
19 8567 1905
556 2399 1441 4910 4679 1415
579
45 1628
1508 38 1726
679 1888 4187
2541 4171 2833 1268 2595 4994 446 3030
892 3287 1270
1562 329 4014 2145 2377 2038
482
2590 9873 517
3368 1052 5247 1329
315 2015 7879 2240
7262 734 8732
9531 1425 435 2757 1694 6288
1157 4993
1960 885
3623 4305 399
740 4950
1414 921 5284
1782 73
611 6225
2782 2861 679 2230
520 5250 1250
170
5280 106 1841 2697
9064 1228 805 8104
732 3268
943 6724
1229 1233 4040 917
6469 2687 519
1141
7435 398
114 1347 3837 2178
5606 814 2306 3239
5303 1735 2492 960
1435 5373 2211 1388 882 9003 6084 9581 1680
283 2533 2226
602 1596 2308
6669 1656 1055
5232 730 2513
476 1934 1666 8391 4405
6605 928 2037
200 5371 1444
612 2299
934
517 3001
1860 4375 65
130 3023
3460 1222 3633 349 3260
1149
331 7383
673 2803 5163
5651 114 8711
1046 3345 3767 2577 3330
945
621 9703
50 8950
9505 676
1212
846 5997
9387 621 1732 1419 5605 1623
2141 7630 742
321 2856 2616 6257
2572 123 5081
2223 1189 7221 2502 2713 1288
1192 2439 7995 4614
4976 7243 3024 2082 7020 276
2530 111 3454
5708 1571 1132
7055 1192 9213 3653
9285 4454 522 5364 3192 3158 2213 3739
503 2800 3745 8692 2485
125 1506 1533
613
967 5149
723 1665
6041 233 6209
9794 178
418
2612 600 6263
1928 3666 48
6254 1333 974
6850 359 1740
2663 52 3826
613
2144 2627 541
1699 1186
779 3557
274
731 4049
1612 988
2349 986
813 5231
782 1554
758 8605
3864 797 3583
320
6498 1056 1945
289
132
980 1523 1539
5438 4298 191 9266
8096 1016 2805 1522
3045 864
1169
1320 1345 106
4397 2301 3319 1170 8989
133
1519 2968 359
663 3114
1133 2131 3044
7798 8968 135
3312 3815 7934 1114
9248 2203 4012 526
310 2668 2642
1779 5392 807
3435 1032
182
887
2589 609
1871 5120 298 1911 2039
4557 765
7485 8652 481 6244
1757 537 9887
3415 4027 7312 5675 1228
1120
6707 1019
219
9752 381 4157
849 8918
1105 6116
443
2840 915 2681
68
2248 7708 46 2877
4202 7151 142
286 7181
1710 1365 85 5982
2364 314
821
532 2069 8360 2397
3524 298 6774
3886 1048 2574 5488
3336 747
4067 9827 709 3799
93 1697 4253 2745
623 5616
813 6949 7216 6451
839
923 5537
9948 5328 672
1807 863 5004
4000 9079 1161
9894 2031 767
143
683 1450 3156
1269 2366
329 3559 2555
2216 1031 2792
3950 7126 382 2896
557 9540
561
1984 902
6411 592
4 8572 8654 7063 1384
3377 1174
2600 621 8982
68 1811 3390
2730 1701 5278 922 1777
1245 8361 5769 5014 2278
8980 752 2354
2829 465 1395
7006 78
6787 8015 4309 890
2774 1574 563
189 1497
1385 5765 2966 1144
1117
3285 4642 8841 1367 875
1575 3915 3432 359 1900
1968 2698 555
1362 8271 1269
438 4264 3800
3533 7236 1196 3387
799
6489 1432 641
895 4656 2498 4854 3938 5763
9536 3586 429 7553
951 1886 3021
7271 4786 47
2902 6157 345
1025 5139
377 5190 4185
1855 501
486 8797 2863
6103 6956 969 1952
525 2580 3369 1718
8979 2045 1633 927 2114
4243 4169 2185 3493 2704 1345
546 2867
56 3153
1301
2869 4906 2818 219
1566 6518 1342
149 2169
9736 204
692 5022 1976
8314 258 3988 1644 5395
4293 1147
4436 534 3508
334 6764
589
4338 236
3420 8414 509
3794 910 5523
1595 6567 1148
2905 7938 508
4964 2720 2011 344
508 5274
19 5121 6467 5155
5945 5898 5693 1328 1572
8199 5050 1340 2591
936
623 2334
2469 8488 1199 5025 4617 2970
9028 1548 394
1867 921
2406 668 2245 1834 9780 4632
4050 1091 9073 5115 1410 3191
5358 6899 3574 1568 839
5167 20 7257 1988
9922 6298 4516 7325 1335
710 8889 5864
3818 678 3464 3090
8720 93 5257
1754 2582 723 2372
4246 860
2351 5327 1128 4225 1762
5636 5828 4034 259
1049
3625 1135 3979
4860 575
4662 1057
470
157 3529
7783 604 2194 3803
1392 1767
9431 1493 1768 211
632 2746
4987 2010 5017 513
1182 1514 7226
9284 1164
3687 717 3926 1443 1920
425 3489 4757 6801
4170 520 7503
1224 4852 3013 2233
858 1986
5998 1650 7007 283
5189 4058 2251 1742 394 5057
1127 3428 8141
622 1509
1177 2021 7247
2280 714
839 1513 3353
835 4982
4372 9018 166
4919 2253 97
116 4966 2115 3056 8645
5563 1349 3830
814 2166
399 8057
1199 2414
374 2371 1818
256 5949
450 7371
1010
2409 661 1954
4227 1164 2375 2197
696 1615 2170
2775 9509 1416
1206
3964 294 7606
2402 150
45 3744
3383 953 2963 8295 4639
9678 943
1319 2092 5684
987 5007
3879 2615 3443 3278 225
1909 1607 1930 2516 905 1468
3006 4267 1481 243
9391 692 3726 9277 2350 1936
524 1550
1077 3706
314 3075
1005 9655
448
772
897
1738 5661 353 1966
1150
4580 5614 380
1784 7344 1795 2342 650
2392 25
6475 1969 1613 1676 1453
471
2504 902
4934 210
4473 6808 84 8013
311 1477
1048 8533 2376 2520
806
7556 645
6294 1473
7462 6055 183 5609
261 7813 7929 4724 3202 1631 3570 8659
1717 410 2180 5154
3444 1454 4413 4299
1531 168
1896 622 8029 5727
1903 454 2268
531 3614 3346 3649
396
4927 2637 9293 398
5946 514 2024
7461 985 4266
8814 14
1536 339
9289 871
5900 5509 1411 2887 3007
5213 837
563 3560 2325 6315 5533
9795 438 2075 1684 7388 6514
8690 1339 1741 1558
805
346 4850
66 1585
1072
6398 6501 325
96
894
605 6061 5275
2128 5148 1236 3064 5485 3813
818 1637
1167 5987 7121
1876 8627 1424
889 2638
2276 1875 2186 464
3844 6023 366
1815 3058 1427 3255
4638 1414
5489 376
1122
427 5215 6463
1975 2780 2621 361
7289 1272 8874
7030 3690 2707 563 2200
6976 49
1266
1264 1785
6537 5974 1041 1580
932 4531
2669 3656 265 1557
272 2632 6560 1931
468
2079 1053
1973 1152 6324
1482 7640
1632 1796 2220 337
1586 1236
5107 622
1110 2436
1491 4606
2796 1836 81
735
3991 1264
3104 714 8086 5093
2072 486
1939 975 7993
440 2363
889 1910
851
614 2132 2189
3314 2851 884
1389
5511 2801 407 7662
2244 1456
3719 232
1078
3953 7265 4304 931
2969 6947 6431 5711 1257
1698 484
3012 170 2311
4161 1991 1526
4055 2452 1497
511 1769 2831 3217
1709 194 3256 1565
1042
1171 8037 2003 3195 2977
3812 311
469 5012
5416 1560
3374 1367 2156
1121 2104 5108
1393
3363 126 3250
521 5359
1648 1232 7358 3779
5973 2150 1384
9125 887 4092
3131 2111 1338 2042 2460 7202
1343
7105 990
771 6677
649 1933 1877 6328
3904 681
1524
775
515 9895 4676
1806 4142 6110 1066
6 4350
2315 9332 1500
1533 5810
6331 9692 648 2080
300 8040 2344 3174
580 1688
1034
450
4959 340
7195 3307 960
9701 125 1924
1379 5918
1201
2860 4945 306 2518 2264 1679
7004 1729 3978 291
615
355 4550 4530
1080
86 3702
7296 511 8531
2055 1907 898
1
1057 2717
4347 3845 1453 4341
6321 7184 2764 148
2332 2206 91
2096 396
1078 1912 9098 3072 2999
1254 4536
1468
4143 9773 3095 4022 1723 861
1442
376 2893
692 3644
6601 1140
1063 7274
826
342 1989 5054 9479 6505
6663 855 2047
4155 1224
467
1027 2736 6111 3052
89
2160 518 2304 7472
1711 1722 1166
6392 552
370 5111
5866 1479
1532 2389 6372 4618
2026 4415 4428 1361
902 1801
619 5695 4663
4469 1798 124
8589 1744 1507 8298 8054
4417 8707 2373 24 2056 2607 6502
6960 2368 6214 565 8729
259
5011 2626 5367 258
2036 629 3987
3998 6566 3248 1120 7947
1932 7890 1371
974 5620 1922 1752 1792
952 4851
244 9863
1571 2183
3382 5355 128 7228
1421
173 2453
1008
644
105
1872 460
7957 2454 2517 2474 1202 9514
2532 2256 1716 965
425 3065
1017
831 3360
480
3661 18 3111 7322
1116
5179 2163 1014
2777 1239 4812 3503
5756 5370 1204 4868
270 4205
286 8124
2514 363
4131 2636 2488 850
407
6253 2147 483
1810 2733 2029 598 2411
16 9424
13 3790 7868
9425 3928 1468 6862
2018 72 6656 2718
7441 8502 564 8474
5015 5205 1597
2048 1199
1095 4139
3891 3413 848
6447 12
1496 3974
41 4741
4841 2654 2162 988
1149 6057 2710
5248 3731 1589
808 2250
18 2795
1707 3081 6711 3263 220
6096 277
3356 4277 192
4828 1733 1177
316 5351 6066
3130 265
1309 3022
1555 3303 3756 1730
8725 1250 5016
585 4159
1332
779 6878
7319 2601 2693 455
2228 266 2222 3492
2499 1919 713
213
1691 3438
2602 2283 30
1560 4110 5726 8959 6304
3909 9197 1301 6628
1628 5094 2672
475
481
3949 5056 183
4640 1097
2441 1657
1480 2768
2823 1360
357 3313
945 8051
79 1764 3903 2367 6936
1628 1761
9221 1614
950
1868 1000
4231 5577 1167
3851 159
723 7363
1598 3003 9899 6525
3804 2158 5813 1698
2067 980 3078
3946 1224
8383 1694
238 1950
9427 1831 4774 1198 2976 1839
5049 2519 628
2758 7641 8149 888 3234
7644 2065 5502 1463
2307 821
2002 1246
1497 6032
2130 9559 1422
86 7405 3694 6282 2118
3480 1637
8850 194 3066
4526 7479 254
9105 513 2620 6597
283 7658 6011
363 4179 8660
931
454
2959 1645 2095
415 6366 5507 6658 8984
1399 2252 8595 3337
875 6834 2691
3231 810 2101
1287 8289 2449
846
749 2876 5031 2232 3876
1085 3178 9916 2231
6182 1722 2945
6670 2571 1401
2427 6240 968
2914 1721 4446
538
2907 580 3811
1410 3142
1411 3084
2913 1559 2297
4182 876 5939 7814 2000
6314 8226 4528 172 1916 1895
22 3076
476 7426
6140 148 3723 4047
466 2855 6243
6819 2996 401
2362 1332 6038 1908
947 2020 2625 3673
5801 1279
741 3619
1901 461 4282 2041
1183 7259
602
1466 4560
9860 1523
909 7650 3870
467 4160
5429 359
8255 2450 681 1858 4539
583
85
1645
5408 2705 623
466
3595 4331 1466
1532 3546
2658 5653 4257 3261 771
1636 5499
3835 3092 4369 738
7694 236 6106
2064 5658 1634 4229 4348 7709
5958 436 2323 3882 2271 2749 2714 6955
2098 858
2386 844 2030 2854
838 3590 3184 3755 2496
1583
1315 2610
833
677 8514
1673 2557 5026
3047 1331
3121 1125 3890
958 2123
2579 26
1513 1878 2814
750
669 8541 3711 7473
1436
969
567 3388 8871
6102 3194 141 2091 3589
3 3051
2086 8218 282 3171
1072
1118
101 5218 3735 8322
872
8148 101 4216 3759
2995 1114 1957 6139
3309 1145 5681
2398 1735
230 2739
116 4509
2592 1391
5345 6909 1104 2984
1537 2448
433 2930 3676
4496 850 9753
1735 3547 3672
7133 2617 4274 1006
2017 2671 7989 1188 2087
6915 7345 660 4199
472 3103
557
571
6202 3277 220 7950
226 7050 3431
984
466
3908 969 8381
250 1974 2779
1946 1115 6701
605
2019 5097 766
1357
1087 1887 2770 3423 7568
174 2845
1789
499 6584
1210 5350
7819 4889 789
9420 840
3820 4294 132
569
2339 4728 529
679 2008 2305 8169
1390 8160
1725
339 1970
530
1284 5814 3617
1655 5145 8010
3698 793 7782 2014 5709 4864
7959 156
1511 6979 7767 2743
1509 3528
1578 2674 4320
1815
4546 4296 2265 297 3970
330 3320 2509
500 7224 4430
3425 266
3671 822
8208 584 7692
5874 6220 3216 797 2581 4089
6224 1352
6499 1856 6969 7970
8622 1168
8228 3932 563
4492 5985 469 2172
2604 859 7248
9160 8188 282
3604 8658 1001
9651 4802 1022
2585 6178 2365 3102 9124 1771
1483 5548
6486 5679 709
592
764 2910
5131 6975 1343
1781 3143
2915 3152 396
1484 5529
5478 1113 3939 3272
1163
3055 196 4432
4658 6171 1604
1953 2789 3199 1777
8330 1453 8675
3453 1544
2699 1284
2279 1611 4840
1005 7856
897 2688
159 3183
1947 1771 3657
555 7102
3642 1087
3721 2033 1705
3536 4041 1416
29
1645 5288 4079
2013 3816 3878 931
2270 3777 1594 2089
4583 1161
5462 4283 2754 1107
576 4466 3148 9724
1244
1132 7415
3427 3190 4327 4275 1453 2196 3762
3596 1527
8076 1644 2971 9131 6496 3043
3516 1578 6790 8038
9318 2142 1204 5034 3648 7364 4605
6428 2991 1075 4101
2431 4421 3015 1455
2423 291 3070
3749 9338 347 6125
1542
2284 981
1051
5764 307
6998 8503 9623 195
212 3273
7874 1261
3675 1852 8039
1916 2356 3848
3986 3785 2051 931 3669 2053
4673 4440 4880 75
2416 1734 5735
91
2444 1359
9138 1908 7907
2487 1440
2951 2731 867
3422 597
5872 1829 2383
520 3761 8472 4571
317
1179 2139
5750 460 6270 3220
106
888 2727 2975
1103 3254
1014 8548 3936 4004
1463
6921 15 3943 2778
1344 2598 8827 6341
9793 1468 3161
3318 6842 1869 1971
2744 1970
907 6153 2199
1530
6788 2205 1851
1518 2573
3241 2074 1370
4762 608 5992
417 3046
767 2537
238
5196 7579 399
3873 188
584 8662
3971 1326
5182 466 2799
7542 1420
442
3410 2593 1394
1621 3302
4181 2594 215
6903 1557
691 6766
457
180
937
686
483
655 2628
466
2237 1770 4517
974 3960
1740 4891 3872
9433 1562 8334
6654 5086 674
107 5077
3165 1066 2415
8505 6926 785 9385 2689
6770 1866 5070
435 3122
3008 1413 2515
1381 2188 4489 2538
219
2576 1923 2288
3399 1873
6568 1175 6295 5258
2769 2732 52 3105
1841
1677 4398 6807 4273
1854 4624 8515 3011 2791
9365 1778 6383
1425 2273
675
271
1488
7843 926 5095 8683
8048 1633 9134
88 7801 4615
910
7487 4151 1673
5825 1804 2484
3424 2120 7732 1317
3989 794 7626
1919
8067 3497 647 5754
1007 2106 5272
1642
4700 1205 3042
5778 1171
3678 3983 3693 2107 1284
146
3419 1781 2157
1574
5538 99 9665 6474
8570 6031 459 3085
1361
558
1622 3760
1680
8019 3613 865 8286
2556 53 5623
7206 4291 1948 2640
900 4342
1948 2077 7660
8674 7
2097 1604
3958 1638
582
1063 7702 9664
65
751
250 2980 5301
713 2871
1022
1801 8936 2285 4013 6261
1738 5837
9811 923
1731
1139
1304 5330 6051
992
706 4872 2655
1541 3808
1136 2491
2272 1976 2214
6712 3473 1496
2894 7678 971
2503 2053 2154
3805 427 4399
9875 9442 3456 2850 1529
2809 3797 1587 3288
961 3245 9283
1230 3659 6884 3342
316 5745 5126
3367 6268 904
168 4434
1823 2570
2481 4154 3704 1841
756 4140
3091 8444 8656 1924
822
7477 1821
1450 5751
251
5251 832
2546 1752
1610 4952 5393
2055 3389
2390 1803 2947
4651 2329 7032 146
760
1756 8789 2934
9063 442
4114 5526 8253 2683 71
1567
676 8003 2908
2035 2882
2811 2039 2715
677 3496
247 6175 6167
998 5593 7729 3806
1574
9914 4386 680
984 4772
1361
5233 1431 2217
35 7389
1154 7926
2167 1743 5362
8808 2815 7127 876
2031 2300 6026 3566
9239 220 4963
506 2384
2618 1813
9855 2619 8957 913
65
405
896 4687 2314 2358
1506 4333
3681 5970 4210 268
1742 4117
3059 1274 8441
9797 1546 2545
765 2173
9499 1125
1017 3627 4328 4593 3262
820 7286
2614 65
1030 2536 2696
1960
1133 6860
1225 3684 4626
1934 5629
540 6007
1249
1171
1144 2359 4827
1672
388 2153
187 7710
8667 1572 9555
315
3088 1131
4087 2174 2148
2077
180 8670
2830 3242 1566 4010
2041 4168
4979 1730 8302
6634 83
1627 2287 5652
8634 988
4709 4192 1686 4427
8368 1664 8427
4345 730
4174 741
6843 1433 2511
2118
996
3843 2426 1368 7730
1442
9488 574
1890
3421 2133
2153
359
7756 7987 463 4184
5796 2
4148 4568 9025 1196 3769 5602
3600 1152 5965
9890 1480 6374 2477
1078 2472
3146 337
7300 1648
2819 6264 220
1362 2878 5101
8175 1511
266
7026 6452 2011 3792
1546
5710 2490 704
1084 7924
6744 5146 43
1147
5032 1409
2584 4587 1111
1930
1441
9143 312 6076
3096 6065 1972
3467 1520
309
204
6551 1277 3018 4885 4444
470
6380 1974
1609 4285 4944 8369
47 4731 6729 4902 4023
759 5820
867
7983 763 8230
1199 9321 2734
172 7138
6562 1234
6145 2756 2074
1150
1322
2115
9362 370 2898
276
1532
824
1704 9577
1228 7511
8056 970
932 3323
6378 3495 1200
8966 78 5444 2369
1704 7205 9218
645
3688 1185
6405 4720 1760 5162
8820 4478 4519 1759
1419 5999
919
422 3686
679
4646 2646 2000 3317
119
601
1175
9823 964 3770 3880
3403 2931 299 5169
7052 771 5446 4527
3747 1550
1391 7021
1023 7860
9911 6873 620
1298 8891 2464 4242
14 5000
5311 1689 9441
1422
1754 3380
1430
965 7719 3246 2826
2535 243
1657 3166 4163 5356
9465 8159 675
932
6556 7571 788 3511
1080 6793
6058 924
680
6852 216
1597 4475 3282
1879 4209
7549 5283 8259 1156 7210
4111 1 5314 5053
2374 1484 5240
9136 4683 713
1924 8821 6088
1802
8326 2074 2807
4717 2021
903 5586
188
7817 1511 4857 6387 5901 4737
174 7328
6205 3094 2846 1333
1912 3680
7308 5815 1426 2644
3344 4121 102
2972 721
1708 7474 4787
3033 6043 1940 3243
4441 2064 3753 7324 8137
4525 718 5839 3584 4091
7019 2160
2013 3306
8752 803 2957 7997
1078 4382 3005
3692 3725 993
942 4088
2465 488
1080 3134
4450 1127
9214 487
5226 1769 9535
6709 664 7298
1207 2393
2120
1270 9897
1049 4480 5894 3411
3283 1033 3517
1627
1866
1197
3954 1739 2686
2673 1201
8284 1136
452 4668 5903 3407
1556 2920
6893 3942 179
456
7266 7180 2127 3275
1585 3857
2446 3139 3300 3215 256
4218 1073 7222
7600 4928 4501 458
590
705
26
624
2735 1802
3902 821
1495 3140 8116
414
603 5083
677 2692 5975 4589
2387 3297 2099
3378 6356 2521 337 3787 4680 2401
270
1609 6952
114 5856 3774
7565 5596 1387
668 8902 3488
2565 183 7837
3017 1011
1031
2765 1865
6208 749
213 6539 6596
1466
545
1588
929
57 3832
310 3354 4032
4714 2986 2480 824
3858 1255
7552 1455
1401 5376 5419
6877 3159 54 3962
4764 174
7113 1334
1049 3502
2443 1947
120
5852 2127
2146 4534
2897 376 4900 6739
3727 4
1777
7623 1543
1302
3768 5246 6279 2890 2857 1895 6408 3724
1320 2979
1721 8196
1639 4843
4141 2227
8832 162
5889 4602 1436
8174 1399 7684
1638 3057
2755 2268
1441 6829 7464
4150 1474 7012 2378
1171
2376 5122
4240 76 5173 3772
2708 746 4452
3324 7305 9721 3350 557
1008
1957
3203 7107 2122
2666 99 2974
1804
2329 8511 2676
7863 6986 5907 78 3778
3758 7551 6310 1632
2719 2098 4809
7097 3849 104 4176 8870
1467
2299
5670 57 6333
3196 4596 771
256 4359
3416 5627 5361 1304
1831 4211
1164
466 6196
2330
1446 3523 6033 3168
3138 4740 488
1141 5698 4418
100 5228
1391
2494 962 3205 2786
7338 9693 3188 472
1440 3982 6552
4011 931
3967 1673
4203 2505 4601 3210 4223 306
3553 932 6876
1435 3701
2006
2836 6791 1950
899 5414 4217 2926 3781
804 2457
627
920
850
920
1937 8373
237 4758
7596 4992 321 6840 4083 2493
2631 2169 3201
1763 5378
5037 342
236
216
1936
707 5437
5104 3406 1087
6611 1013 3147
188 5273 2476
1535 6079
9432 522 8513 2630 2461
609 9955
1229 7268 6517
394 8783
1716 6143
250 6190 5415
2356
3180 3335 1952 6748
73 7541 9768
2316 7930
3116 79 3169
2761 9502 4849 1836
6207 1757
1789 5469 2724 6822
4346 15
4931 1558
1651 4180
1656 3474
5576 286
3311 5286 268
2418
6944 5587 525 4056 2880
4623 1005
1574
2437 4766
3253 544
8052 806 7751
2248
2293 5434 9991
6085 5697 1024
102 7323
894
1388 7633 7465
1103 3874 7495
2973 2886 3137 636
3259 2181
99
1656
3591 492 2793
2435
2180 3028
4096 469 2588
446 8016
2348
2087 4077 8770 5010 4321
561 6798 6464
3204 4510 3358 2695 830
2645 5657 2030 3658
1235
8233 615
1954 5348
1670
2526 1117
2190
2073 6802
1198 5562
2425
2407
782 2938 5222
3310 9587 2740 1805
1115 9526
9588 4251 1350 8527
1705 7964 4080
5425 293 5788
313
6528 1228
2077 4186 7285
1470
2544 4995 2412 5505 9981
316 8091
207
7699 298
5433 6192 1880
4512 5186 373 3160
2166
4467 2562 4262 2804 303
3780 1203
1669
8575 8665 2010
5076 8329 8026 4491 1453
4166 1656
5271 1597 9097
3376 1736
2568 4846 1474
2330 4867 8532
2944 394
41 4060
6
2935 662
2489
1104 2997
7037 5836 632
977
1231
272 3227 8489 3748 4861
1657
5165 4721 1200
8210 2662 273 2904
2706 2255 3611 3206
2138
3035 8426 1979
2011
2677 731
30 7576
1169 4753
791 5390
5144 514
2505 6553
3176 2132 9888
5295 2095
580 3801
229 2787 3249
623 2952 7622 5349
739
240 9595
2560 9166 1053 2613
6841 767
3124 3394 9195 2682 6794 917
5890 1321 3179
2050 5832
1810 3069
471
708 3038
8942 3110 2552
808 2657
2512 4591
8267 591
3907 972
2336
639 4738
6557 251
2520 4178 2752
2649 3126 96
2086
4884 6769 1762
3181 1227 6609
7153 1975
5447 1306
123 4435 5193 3405
2013 5307
6881 1217 3036
3635 1050
1814 7409
3032 4835 1360 7418
1885
1399 6306
8945 641 7354 9575 3031
5105 2195 3061
1895 2680 6543 4865
329 3269
721 2824
2478
1283 9205
1173 4745
3527 6997 1385 3643 4961
1834
1988
5333 1990
2726 1169
1104 8782
8788 910 6622
1968 4770 6222 8024
828
2648 1330 4863 5206
1703
1708 3395
4025 878 7404
1891
3328 743
3039 2635 28
1638
677 3582
435
1807
4360 4031 211
1243
4123 4039 2552
2137
2633 5981 1452
1226
1840 7761 9677
8974 7033 2123 2892
3469 2124
1747
6173 6049 1518
913 3491
954
2665 3271 6312 576
1778
1641
8480 1249
8606 3462 1998
7676 772 3412
2962 2437 4674 4595
6323 2426
9473 1527 5794 4261
6177 2615
530 4858
8611 2606
3109 7447 4068 1670
4329 5329 1487
8045 1510
878
2051 3544
9418 8937 700
1278 4193 4625
3961 733
2280
2484 5197
2237
948
2600
2569 3434 6034
131
9348 1062 2771
3120 342
542 9161 7445
7076 2700 8881 1686 2684
7831 2071
5436 348
2561
1797
744 2870
1140 4715
3510 717 9304 4914 9994
2534 4035 6423 5780
5701 1247 4122 5953
5568 97
2624
2385
8399 3322 7688 179 4485
8413 1278
1526
951 6812 4708
1841 8075
8865 1711 4818
2308 7270
1877 4236
291
9770 2387 3106
2539 4513 5933
521 5840
3959 748
2585 5882 3567 2956
4695 7792 1296
4289 7315 3185 2554 7431
2103 4248
8222 7962 2654
5039 106
2307
3555 1193
5331 1914
2007
3696 3626 305
6412 1755 4814
2328
1703
3172 8569 5637 207 5804 5187
4147 2483 5961 6526 3252
2138 4104
2711 5940 1188
8935 1344
1911 5326
2654 9698
6620 100
3258 68
3550 3842 7460 939 7974
1362 4874
8530 1793
2535 3101 5407 6532 4704
3620 1520
2380
3229 6316 5880 4129 7066 130
4637 1687
5237 2697
8022 934
4689 3911 1228
5875 9000 1802
8845 2107
80 3691
1606 9960
2992 1677
2390 4978 7616
1381
172 8904
148 3107 3279
7284 226
4912 2450 8986
998
2595 6278
1963 3819
5498 5615 991 6400
8101 211
1332
7522 1955 3498
2016
7220 1673 4790
3433 2211
2323
1625 2763
3316 231
463
1832 8446
2496
7059 352
780
1875
1971
1309
1412 5153
637 4378
447 4133
1802 8297
157 3827
498 4699
3895 9900 2568 3776
1125 6330 5110 6174 3212
1926 3321
6089 2374
4960 2214 2883
1177
1737 2993 6687
763 5630
4499 7505 9428 844
2448 4569
173 3568
7677 2736
1608 6924 3639
2339
470
5457 1049
4153 1717
2016 3053
1856
6133 2651
542
654
9883 1338
3082 3450 1443 9977
777
1665 3093 3565
1967
6689 4300 2949 1851
6690 9185 1518
175
1185
756 5042
405
699
8090 2407
2548 5996 8748
541 2903
1908
86
7821 4459 2019
4482 3193 1322
6359 5664 3385 3040 2475
3561 9569 797
1690 8661
1537 8809 3020
781
333 6614
8557 9892 1985
1235
8219 4336 1549 8202
3173 5 5391
1215
4826 2512
1266
1108
4776 2272
6871 5776 1082 4113 6827
2080
1046
6572 2107
997 9158
1109
1815 7234
2119 4540
8125 4074 7942 119
6908 2936 10
2866 1366
2184 6162
583
145
408
2924 1718 8269
2587
496 4443 6149
6275 2254
117 5466
57 8728
1335 5922
2156
1559 8635
4594 3757 545
1169
495 9778
713
5645 2416
425 4495
7524 591
396 2946 3913 7159
1296 4008 7802
481 8243 6021
6771 657 6950 8866
483
361
8404 8166 1857 3014
8164 2278 4099
950
3867 793 9376
8573 4156 252
8698 3067 2079 5202
1547 9852
912 8332 6524 5242
661 4972
1804 8095
1775
1226
4631 2365 4190
708 3714 6152 6221
6768 99
1597
4414 1185
457 3123 5236
1358 5380 7871
1031
7784 491
3784 2818
1363
857
1366
2659 4924 4195
2062
3490 322 8545
110
1100
4735 842
1759
4544 1298
6053 2185 9327
870
5210 3471 2458
740
9203 6402 2106
6641 4082 6098 2756
9625 3951 444
8559 965
2471 6042 3144 4020
1493 6101 5748
4310 130 6095
281
2365 4946 3463
6586 1065 3333
6592 7122 8417 2618
1616
2076
6381 6419 865
1323
2360 8328 5130 3347
2218
453
5181 3558 803 4947
907 4859
1354
2788
9845 2534
5600 1380
936
1766
2105 8523
6293 936 3119 8437
3831 1899
104
67
1769 5934 3579 4021 8206
1764
1902 4380 8410
216 7762
5340 4561 9200 223 3499
4953 35 3836
3145 3921 1036
2311
1074 6534
624 6201 5835
5632 5669 3540 985 5774
7440 2823
1045
7687 4752 9986 2417
6504 978
1098
8419 143
3854 1837
6515 2242
361 4311
114
4719 2101
7502 2525 3793
2817
26
2495
344
649 2955
1065 6127
3150 774 8624
4917 1151
2522 3916
1761
2839 6014
6648 2098
696 4313
8993 4241 2779 8317
84 7811 8961
1955 4334 5641 5008 3133
3630 2549 3264 4603 7797 5175
3414 9565 644
663 4597
8778 2940 6300
5357 7908 4997 2680
4221 2289
9014 982
1752 4830
4706 6615 767
576
2630
1448
162 5966
3887 26
1340 8887
641 6591
1272 7360
1554
1388 5733
4524 1932 5459
2282 8171
2471
2385
4853 1963
6239 1735
5604 3292 6468 1562 9670
195 4135
3828 2366
2061
990 9352
5256 3899 867 4479
3637 1122 6660 5913
8525 7847 4189 1835 3475
3326 324 3795
2348
8646 754
591
8278 197 3386 3588
4839 457
1935
2718 9174
6442 2758 5133
1006
1829 3329 3207
4339 7716 1776
2527
1036 6573 9122 3127 8731
3603 1611
3846 582 7408 7081 4871
1209 6914
835 3162
4464 1729 3060
1079
5662 2290
4270 1454 5191
3607 1493
2010
695 5091
491
4286 2019
1556 7277
8001 1419
2845 6868
8485 1936
289 5923
8435 2337
2203
1063
8439 4488 2796 3108 9448
3500 3113 1352
8451 1697
1211 7039
1230
4073 333
7737 1135
579 9819 3049 7812
9148 2477 3486 4732
749 6308 5019
8504 1169
5824 9116 4134 2583 4287
3655 4751 2580 8364 5177
2284
4162 293
2537 3538
2577
1143 6117
4376 7458 5948 8526 8695 5644 2559
2606 6957
2793
9748 1080
6982 2037
1932
1274
6193 1267
1978
1811 5724
122 3304
5338 3027
9121 7525 126 6354
1822
1625 5956
2769
533
1906
6541 3977 1431
2373 3465
1513
2131 5932
7283 4537 3270 5597 3003
2584
3182 8760 915
5483 276
7016 7515 1506 4389
9111 1658
4085 5381 1745
2850 5138 9691
3771 3222 931
4259 2557 4781
1937 9857
536
9206 1611 6210 7427
3177 558
1032
6198 6664 1458 8457 6721
1772
612 6403 5861
1731
794 3612
253 7455
1691
2775 3289
645
8498 1768
5755 2044
1005
586
2152 3257
3375 263
1397
2089 4288
8146 1799
2777 6616
3470 2278 6554
4048 4103 5926 1614
2199
9632 1121 3404
9164 448
1151 3789
4630 3112 178
2706
5044 1895 7335 7143
1843
1540 3445
2016 7330
7179 2676
2722 6885
3020
2636
2560
1662 3972
3370 3100 5332
3021
1273
874
2447 5259 3920
8901 190
6335 268
8682 2909
2652
1812 4172
3602 2009
2862 3198
2554
462
2569
2998 7459
6588 977 3352
455
1696
5588 1574 4644 5396
6635 5293 3371 4051 644
8612 2951
3362 3440 3225 2294
1011
68
5023 4072 2471 7040
8775 2403 8308 7385
8697 2316
2325
5161 872 8766
6495 4215 9210 1767
3351 1901 5020
3663 2886
3925 3449 2919 6674 3616
5759 2182 9552
2434
3372 1927
1147 5554 5166
2942
3710 563
4671 3599 1902
1364 5268
797
892 3197
7252 1319 4377
8442 280
9714 1234 3577 9611
6077 6521 9397 2352
5758 2510
7775 1969
3002
5068 6623 5352 909
1035
2006 7249
2256
4634 848
6259 8356 2402
2447
569
1823 3728
2694 6329
2802 6510
1588
5079 786
2545
3073
3221 1760
5570 2555 5559
7643 2444 4574 5515
2572
3062
1915
1805
6368 8030 2682
1116 6734
777
2408
7442 502
1930 3266
7960 6001 1392
1234 6064
2792
1821 7331
1562
2395 3937 5435 5098
3155
3123
1908 4652 4093
340 5719 7563
4635 2426 8312
7118 7909 1479 6449
3223 2384
2483 3751
9350 2407 7410
8765 2535
2995
927 6027 4869
4645 112
2412
661
4784 2753
4373 459 8154
21
2316
1885 7880
4755 3981 1559
927
3476 509
3647 1961
7914 3178 6168 6232
3068
3203
677
3134
576 5713
4358 2531 4213 5792 6530 8649
3786 7526 6538 4610 570 3244
2709
9345 5290 865 3381
1756 3703
831
1084 8630
3459 4278 9939 1737
119 6113
48
8181 246 7575 9330
807 9026
7780 1197
267 6183 5200
3276 1976 4445 8718
3733 2156 4108
2284
5385 3228
4954 2081
2254 5574 5585
728
1643
2548
3618 1569
7620 1008
2695
9490 9956 2462 3615
3298 4761 1964
1513
1560 8118
3088
2702
8856 2472 6836 6195
1212
3581 4670 4070 1797 8899
5035 4894 4807 2135
1691
2952
29 3718 3742
7253 3190 3522 9889 4837
920 6657 9184
1190
6471 2586
3060
3821 2624 8828
1904
1944
8618 648
3580 2314
3241 4272
7219 1846
1452
9521 6485 2722
905 7547 5075
3869 240
3429 2264
2303
162
1342
8017 1045 3526
5928 1170 6338
4204 2080
8225 3082 4194
8542 25 6916
7218 271
2977
274 6255 4659
552
7977 293 5018
7661 132
2329 6444
6565 3254
1047
2316
4447 372
5040 1989
1698 8303
3048
5665 4401 1093
2288 8122
1593 6939 7279
224 5910
1830 6206 4458 4711
2496
2456 6394
1276 3534
5046 1719 6925
1547 4804 6550
224 7718
9545 2737
2237
1970
1270
1880
8355 6105 7058 9782 2754 5491
3484 2667
3548 4629 6147 6439 2225
2381 7922 9924 8922
4470 927
2985
991 5631 3338
2605 9335
2995 7627
4980 3554 1217
54 9723 8601 6150
9422 9749 177
2891
3660 738 4541
2444
4664 1307 7299 6303
4882 1754
3327 9128
6795 3699 28
9268 53
372
2082
4146 3631 203
2281
1217
1485 4938
2897
4503 4030 268
9152 331
3572 2381
3143 8803
3128 9865
4739 7834 1427
2347
554
1693 5106 5547 6631 6698
4006 266
8714 2483
6580 1138
7272 1660
546 7673
3134
1569
3737 3401 673
5211 529
4312 27
2084
1174
1360 5583
3112
3132
6070 3148
4383 741 8910 4792
1566 5803 3716
3089 5648
2519 3941
8468 1329
2330
456
7254 2252 5626
4743 3230 4238
1649
1448 4747 8186 6176
1036
2793
4124 7489 2989
1347 5924
1820 5555
5337 4823 2097
7423 8068 1331
4588 3677 239
3479 7355 532
16
8438 2554
9712 2602
960
618
6587 215
2014
51
3364
3506 1082
2242 8538
7239 5739 3097
2575
9061 2433
2310 4742
9009 964 5463
5
4318 1988
2302 8221
4974 2629
1682
5886 2953
9354 1288 3455 5185 5952
2397 4933 5525
7820 824 3507
7086 8877 228
2041 3545 4097
4222 1377
2173 5687 4061
1956 3426
3695 1856
2031 6879
1882
3422
3458 1930 4130 6072 6736
1423 5611 4682 5082
3652 7980 3282 8366
8073 6144 7604 858
1847
1343
2734
8882 3992 9311 2649
1280 4018
926
4756 1108 4566
1707 5137
1018
3134 4564 4697
3871 944
3868 256 6082
1452 7414
1481
3104
5567 1092 3765
564
4252 23
3145 6818
2775 6951
3505 58 4474
278 7984
8938 1910 3622 4431
1231 6890
3415
5136 2079
922
4198 3427 7895
3234
1212
4105 6069 510
5919 2628
4220 2890
3775 3999 1397
9095 4437 7536 3057
814
6373 4247 2200
280 3487
2619
3094
3894 6437 2880
7840 6837 6446 5184 5405 9594 9653 488 5676
2075 7112 7250
2454 7545 7075
5116 3984 7288 2984
3219
350 4033
7183 6404 1074
3392 8430
1744
72 6299
481 6932
8885 99 6700
3322
3638 372 9393
3028
3468
2335
1417 3650 9278 4258 6994
2872 3717
2622
1704
1362 7585
7096 4692 4230 666
2226
2108
7537 3994 9415 2034 7229
2731
7144 2917
8110 3021
478
2355
3736 1665
558 7587 5003
9263 3543 9843 3451 7002 3662
3402
9072 3417
7168 3993 1373
3606 5883 543
2661
2259
5183 1084 9982
25 6929 7215
880
630 9643
1933 4973 5566 9104
2303
1113
481 4038
174 4730
397 4237
3266
2402 4522 8804
1305 7434 9825 5449
7163 52
8071 3286
2591 4585 3537
8860 5009 1876 4408
9343 9862 1408
609
4975 4045 675
795
1347 8421
3312
4876 445
1920
3527
3035
8734 4577 9710 708 4385
2923
4817 4514 37
1046
3505 4970
4297 2640 4381
3419 3609
1796
1839
3323 6746
5143 4371 7116 504
2703 6256
3722 812 5325
5876 504
2413 7365
3330 5954
2687 3995
9495 450
6722 1251
2900
5400 1321
1495 9405
6056 2794
8103 744 3783 4009 6097
9470 1112
4284 21
2777
3965 4523 2120
3859 2680
3752 8587 2762
906 5746 7433
1479
666
3350 7652 3679 5418
242
4191 1393
7566 769
7060 8931 129
3158
569 6574
2913
3997 4672 3275
3261 5920
2608 3697 8098
4235 9774 1259 5688
2286
607
1351
1103
6570 9173 6440 2989
1821
1805
2475 6426 8147
3934 701
6009 132
86
1795 9673 4390
4302 1931
175
531
3152
2179
422
3122
5821 2999
1893
631
3509 9452
3007 6809
527 7733
5353 3545
3918 5260 4855 931
2535
3079
6406 2049
1485 4922
4677 3253
7653 3145
8378 1871 6652 5204
3250 5270
1780
2707
9459 1134
7028 9929 3453
1180 5725
414 5714 4703
4660 3802 8908 1404
2690 8050
2135
9328 540
4666 5080 476 5858
2952
9331 3343
6028 9839 639
1212
564 6296 5209
2578 4797 6672 7129
615
2983 4845
3485 4100
8041 2764 5317
7517 315
4688 635
1918
7480 2591
6000 1617 4563
9153 3823 973
865
3220 6388
7794 8194 1934 7208
8644 7316 1485 6778
3489
543 5413 4572 3969
3429 5088 9245
1233
1075
3032
1526
9419 7413 1916
2484
2082 5853
3334
1662 4003 4265
6334 9983 3505
3144
3900 64
983
1244
5060 5310 9301 4244 864
7131 5441 351
1948
810 4920
8036 1883 7901
7255 6185 1839
6803 1778
135
1946 7590
4918 1837
3892 3391
2039 6367 7878
3572 6895 9608 5475
5558 2279
2129
791
7178 83
2141 6991
747 4921
2235
1416 4239
2230
5147 1107
1520
4599 4518 2716
2291 5938 8028 7509
3715 9934 2039 6238
1743
3423 3852
2690 7164
3582
1873 5157 9319
3339
664 3877
2414 9787
4024 1602
4782 3231
9129 2087 4271
422 4494 4078
1457
680
13
688
3151 7397 5062 3863
3893 1817
4725 5152 364
755
2858
3693 6226
9091 3374
5762 4125 3490
3265 7115
4280 1551
739
1919 4710 8888
3551
1774 9702
3822 6351 2365
2291 4112 5024
1455 4486
2361 4916
3171
978
107 9133
1688
366 4578
3242 5553
607
1826
3503
3364 5660
983
1234
7207 265
1028
3265
5897 7420 487
1447
4598 1235 6415 8861
6122 4878 876
4808 2244
6820 2531 9586 8220
1938
44 3810 9858
7443 5884 3204
5906 3568 4064
8232 2285 4404
7306 300
1805 8246
7849 1698
2832 5550 8341
2389 6184
4059 1828
7011 2047 4188
5896 1958 4547 3883
1930
456
7609 533
6678 3446
156
1217
2365
2178 5917
7176 2241
3068
5747 2379 8396 5540
1107
2333
3464 9729
9038 8390 7370 4053 2752
1924
2388 5673
1571
7539 2513 8965
2417
6896 420
3562
2866
1948
3228 6684 9716 5221
5959 2330 7387
1032
3099
5850 1675
621 4904 9392
4374 2188 4457
2935
6985 1378 6229
2985
836 3952
4256 2080 8471
898
4324 1308
1346 5685 9912
5694 2547 4393
3625
1409
1730
2078
2110
4988 1064
2072 4768
411
3750
1766 8894
1563 6343 4962
7430 9356 1506
950 6983 6703
5728 1276
1923
1040 3881 4351
1397 6159 5848
9032 2727
1863 7251
3271
4384 3724 6215 5760
3645 6789 7915
1074
838
1247 5690
2750
2979 7925
6204 1019
4667 9544 4332 9538 1432
2910
2346
6558 181 4102
950
1799
4856 4456 2918
4306 1196
650 5225 5208 4999
5
641
4036 925
7353 2703
4219 2169
1512 6811
1607
3000
4086 6135 598
1947
2391 9697
5799 3885 6675 369
9142 1727 4567
4107 3695 6719
7198 162 7401
2930 5029 7567
1021
114 9765
2315
2349 4407
3567
1027
4115 4613 552 4707
984 6917
3710 4750
9325 1259 8647
727 3930
815 5916
2848 7140 7147 7457 5721 4364
5387 3442 8407 5635
6491 3281
1786
3441
2002
5092 8791 1982
4565 7333 2470
1016
7921 6555 9946 1759
9696 3700
9081 1923
1452
2241
3817
1802
4985 7917 3761
449
3850 4451 5134
1306
9489 2965 4400 5397
586 7642
864
3948 1812
6211 1682 3985
3677 6197 4824
3711 8190 9799 6892
3471 7453
4533 2752 7826
122
3933 954
5461 1134 5535 8491
8343 2982
3664
4702 9962 856 5312
4535 5102 2324
1721 4116
1579
657 9449 6094 8599
165
2564 9163
1850 4543
1710 7213
657 5834
2713
368 5178 4998 6882
2839
4548 476
1343
2944
4044 981
3610 4844 5410 6989 4873 5779
4559 3990 1012
3116
5818 2919
50
4661 896
955
3145 4767
1416
590 4363
1676
4969 585
3865
441
6527 1889
3897 9755
3592 7111
325 7394 9829
9302 1965 7142
3196
1350
1904
1086
6409 3376
5426 2312
9836 6607 1967
658 9658
6039 381
1732 7923
732 8810
3890
1714
1323 8558
6473 2884
9107 6647 8691 3796
1553
2307 7739 5212
9553 1065
7872 874
257 4395
9187 2056
2679
8078 2001
2643 9573
2352
5474 1062 8668
4071 1445 6904 5490
3566
383 6825 4838
2411 4002
5253 4472 116
3651
4716 7352 1879
1984 8736
7574 3111
945 6625
7631 6223 1684
5063 751
168
8946 6123 3056
1598
1404
157
3217
2409
2039
9558 5299 3475
5712 8994 3891
1948 7071 4232
9231 1642
1371
6272 8112 2032
9074 3919
7937 1539 6119
8524 5643 3434
7668 3508 8967
3497
5931 4628 8213 3555
6694 190
3580
4810 1643 7578
3464
1316
812 8301
9408 9564 3967
3661
6875 1965
364
4109 3357 5560 5891 5254 7519
135
2840
3562
4175 5530 2156
2410
1277
2064
1171 5575
6894 5030 4749 215
1160
4896 167
3435
767 5501
2886
4892 5454 2913
5285 6806 1614
5704 5980 2207
4647 3702
2603
5494 430
7939 1288 4562
581 5729
825 5878
3348 4935
2611 4379
2347
6742 3477
1402
2662
3841 4607
5279 17 7746
9709 3519 7128 5472 5506
2613
1192
4967 1920
1065
500
7540 6099 3917
3531
628 6813
1774
3095
5384 1253
1392
4063 8869 3132
6241 883
3776
467
5402 1558
4433 2458 7078
42 7273
1422
3759 4813
5282 2523
3421
912
4051
8201 3752 5170
365
4497 1099
1308 8800
2636
293
3261
3964 6863 4269
7438 3137
7182 3025 4633
6864 4468 2816 8352
11 9560
258
2481
3705
7261 9216 1922
9075 2499 9582
8192 5394 388 5346
2883
2425
1038
4362 3066 4684
3847 5129 9533
5109 2153 4769
2292
1885
95
4515 2286
4149 1573
7686 3199
5551 6
4132 4831 272
2478
4584 3419
4477 5255 691
2846
6457 3638
1935
3833
3095 8812 7721
9030 6549 2696
3461 8394
459
3852 8105
3242
4006
1709
2267
3725
6516 2808 5399
2103 4529 5812
3861 9057 8716
3903 7533
6662 2130
105 7753
9616 5420 28 7093
1151
2281 6931 9462
5995 2663
2613
3386
5592 3717 5619
687
933
4343 5963 792
2709
8408 3427 8066
1670
9940 4095
2748 6120
3031
9188 5448 2978
9756 10
586 7233
7518 469 4798
4355 1681
5261 2088 5527
2369 4276
1583 4538
1614
936
1068
3343 9742
2695 9645
2178 7601
4092
2376
8395 2029
918
2768
2087
5500 1623 9062 5893
4490 2849
9760 8722 1292
7108 189 7150
1700
4424 1787
1557 7875
3034
2256
551
19
2517
5296 843
2157
1362
1418
1169 4183
3121
93
2165 4932 9751
4010 4650 7839
2391 7750
783
2568
1749 7269 5443
5519 2453
1990
1770 8473 8258
4171
2176
1356
4315 2503 5386
1168
3760
2984
8406 4406 4805 2857
3574 4886
2162 6945
8460 2642 4245
6901 5584 8128 3289
2870 8609
7862 1110
4825 1009 7212
3458
1842
5241 9130 1061
89 4879
1299
9848 2412
3288
6389 6236 5947 1667
8443 131
34 4214
538 4783
5782 2265
4608 6242 2129
2398
1010 4870
3227 4352 8779
4301 4207 9015
3142
1828 5336 5520
7944 2417
2317 4250
3843
3463
2957
3420 4820 9299
5508 2412
836
1401
767 7717
1441 6271
415
1801
3494
1726 6685
4746 3986 4507
428 6846
1099
3583 4429
2674
3521
5180 3381 5650 9472
3687
6024 2379
2949 8055 6898
2248 4734
1362
5322 3667
4193
8276 4718 6188 5055 1400
3467
2683
1007 9471 8097
5514 6785 4218
2498
3448
1309
5468 419
825
5988 3797 7263
1797
3489
3069 8392 9745
974
5132 2632
2512
465
7422 1346
3661
1489
8126 1454
170 8556
4071
3006 8348
3704
9763 3276
4733 8739 2018
1840
1930 5374 9812
4141
7883 1693 6309
3234
237
3719 5262
4471 128 5047
1781 7326 5510
1926
3564
6861 2206
3011
4394 3031
5156 6715 7246 3091
2682
5141 296
2051 7885
983 6075 7543
1372 4836 9034
1863 9740
77
6019 1879 8083 5927 5892
4314 3544
1265
7449 1481
2779
4214
7095 3596
281
1553 8529
1180 5905
3837 6158
4685 484 6422
7736 956 5863
1337 6673
2888 8285
5306 2932 7683
6851 3366
2948
4297
4186
5347 312
348
3410
5090 7833 1092
1877
8111 2481 9347
34
642
3799 4549
690
498 4576
7015 4925 1930
2135
2637
4941 232
7691 1795 5983 5817
4558 3830
2128
2951
220
8250 2801
149 4353
1376
2996
599 6869
7025 1607
7372 2052
5192 4128
878
5217 2164
4483 2451
9901 1607 9933
6482 5320 1801
626
1584
3817
4213
4337
7155 6963 260
4139
5816 6266 7036 29 7516
5263 111
3227 7386
2396
2611 8161
151
4085
3927 6104
3867
6959 421
124
619
500
1799 6421
351
7946 8712 3549 8440 7592
1429
3213 8315
3792
5522 1210 6755 7818
3038 4622
3156
2747
4031
2915 4627 4403
3544
4968 9817 2290 5238
4937 3373 6194
3822 5369 4461
3539
2112
733 9389 6717 6821
8062 469
3064
9463 3595
8311 1091
5639 631
3801
4287
6035 3957
8262 542
1270 7368 7573 9381
2018 5379
8189 4411 9592 7444 2078
3887
5078 3305 5043
636
4380
9220 3753 6363 8825
1204
4190
5743 3858
3528
967
487
4399
745 4929
1481
2861 4833
1633
554
1638 8093
6187 2404
6348 924 6112
72 5158
1936 9068
5372 7
242
4160 5013 5827 4939
9168 397
584
8273 8452 2162
1633
4235 4665
1881
6520 3453
4462 1906
4056 4551
7280 2085
6676 2575
1373 6858
3465
6462 63
157
1949 5624
2285
474 5904
2825 4463 7932
2203
3241
5707 9110 5994 1764
3301
365
911
2295 8643
3885 9685
5843 2380
738
1234 7301 5899
470
7421 7290 5479 3836 8382
6548 3792 8772 7979
3309
2791
551
4384
4432
4443
3003 6430
685
1927
2512 5495
9398 4074
1636 8209
3325
4281
5127 5691 3968
1472
3451 7584
7034 7776 2264 5203
214 5699
4098 5962 5067
2232 9790
2982
2302
5099 5833 105
2792 8131 6958
4346 8907 6151
621 7793
7904 2667
7628 5123 3726
1036
9606 3020
2011
4156 7156 4612
2516
1890
6480 801 6155 5915
3705
6048 7191 2837
1838
4066 9406 9439 8244
1067 9633 5417
2760
750
2318
5291 424
3348
316
4648 193
161
4232
775 4832
7810 8351 1833
2483 7120
546
2510
2677
3541 6509 6964
4091
4956 1395
2000
8229 3691
2232 4573
8639 1082
989
3523
3566
2971 7351
2286 5829 5784
8953 1746
2243
1771
4114
6417 9503 1600
6865 1525
413
7771 3895 9162 9615
2359
3902
4829 9867 1612
3060 9258
9261 4142
1789
2815
6258 3334 5942
1161
3908
2877
5487 4609 1027
6248 1879 6953
3761 5595
8193 3914
4324
6593 9877 6783 8454 1600
4433
7749 515
7018 486
283
935
140 5045
5601 1285
4332 5581 7384
3919
1784 6346
2917 9145
4027 8379 6738 6114 5411
6166 3644
3440 7424
5795 3874
5700 3437
3851
4951 2178
6234 2761
521 5738
7057 1958
3651
4519
3180 6050 6974
638
4326
7657 3539
8205 3732
7395 1157
1465
85 5964 8555
1143
1925
4097 4690 4701
6632 3527
455 6828 5058
2195
3391
2328
723 4943
7087 2562
9541 849
7293 2135
2832 5201 4996 8184
4949 9042 2630
8150 2395
2954
6613 3745
8564 3691
89 6137
2412
7935 2371
7419 5908 2952
1053
5512 1934
6046 8600 7621 5195 1536
4036 6731
4210
4545 8847 6349
3228 5571 5421
1029
7357 4490
6074 3861
1229 5302
2027 7008
500 7080
1388 4729
1632
353
954 8133
483
4376
9339 2459 7805 5473
2019
4727 7446 2642
2141
4380 6977 6191
3995
3323 7985 9999 5164 8818 4789
3100 5266 6336
2857 6542
1391
5087 4073 7948
7867 8790 6399 3167
3201 6015 6833
398 4779 8741
2710
1514 9043
6741 1448
1715
513
5383 9171 1342 7070
846
7827 3131
3209
2237 7646 7725
4024
4505 6706 8943 6386
356
4175
2099
3199 9208
1004
398
9429 749
1350 4897
6751 449
1907
7085 3293
3625 5578
3923
1406 9683 6337 9114
6067 1635
3336 5424
4429 7185
7412 3629
3830 5902 8978
2310
1023 8746
3261
3152 9222 5608 7256
3580 9547
1949
2630 7666
915 6760
1582
4816 3615
282 4726
1164
4957 2330
463 8831 7310
3428 8582
2269
4085 9260
4307 6291
1160
6459 2127 6646 6287 7912
5888 3641
2713 7534
4584
1021
3494
1007 5534
6563 7000 173
2681
59 6624
3440
8679 5806 16
2751 4887
6325 2037 9364
8883 5647 4584 8623
3901 9401
4799 8362 3624
6590 2706
6913 1083
2960
3861
2670
6477 2162
3721 4736 5722
3309
30
7356 858 6313
2348
2660
3970
2273 8700 8604 7855
4246
2934 9041 8672
2231
2533
344 7593
7450 884
7174 9276 1479 7264 4909 5159
4940 3712
4678
4625 8347
1865
4893 4617 5073
3520 9906
5234 2207
3028
4273
5790 4242
5100 5452 8283 2875
4710
2276 6414
2566
3353
2403
1685
5582 3407
6737 3381
6445 657 5423
9513 2590
4232
3383
315 7056
4015
3863
3032
2926
2541
535
5845 3217 7851
3437
1417 5496
2424
7815 180
32
9522 3254
8890 1977 6693
1066
2353 6874 9985
5269 683 7791 6804
7663 6585 2461 7614
3925
6547 3808
4087
2598
981
2113
8156 328
1735
4915 377
2807
5477 47
175
4636
568
5041 3069
3703
9853 4208
3212
7403 7859 737 7292
1353
2283
787 8851
4629
2733 8136
884
7564 3373
8270 354
1116 6339
817
8 7169
3635
5830 4138 7638
5761 4703
6961 964 4801
4800
1894
610 9377
5168 3314 9971
6733 4190
919 8554
5767 3262
3747
2390
3998
867
1665
4059
6013 2691
330
7864 4677
3541 4930
2672 5464
966 7230
4222
5569 1050 7888
1157
5389 6100 3389
3892 6134
6062 4197
2804
7951 2146
5753 9572 1694 5128
4536
2959 6756
6747 4095
8462 9394 4508
4414
988
2580 8130
5720 4293
3266
3966 7245
2990 9735
7787 5398 1912
1686
6781 474
4847 2368
3918 6642
3637 6762
6063 2520
4843 5059
6179 5363 6655 455
6297 2448
1499
1646
6752 1419
2975 7799 6883
1350
8930 5775 3610
3836 9228 9654
2276
2634 6301
2901
1405 5450
2531
617
5404 7313 2600
9287 1873
7695 2585
339 5482
2521
1666 6358
3208
5539 4212
9086 3000
2071 5800
5324 3918
2704
302 8027
3535 9303
1087
3746
5114 4201
1949
6870 1082
8401 3337
8277 142
5281 2571
8238 2203
6407 4191 5591
4699
382
1861
504
7998 5069 2002
7844 4021
4729 5021
3262
830
7727 4017
4656
100
222 5171 8799
6962 2360
7481 19
6617 2207
831 7990
3791 8323
4
1366
796 6478
603
7956 4724
1164
1142
2724
515 7130
2661 9001
4775
3727
2943
8084 3676
1430
3670 6353
3685
6522 3614
292
2870
4327
7955 7490 1158
1487
2318
4412
4817
2452
4174
3416
1471
4030
264
5740 4383
3346
5484 4424
4725
4330 8428
593
9240 4590
2206 9417
1597
2890
2900
6305 8880 189
4595 5036
1181
4568 5172
2096 7910
2918 7723 5935 5176
4958 3245
9987 7887 8231 1015
4516
4680
4954
1592
2756
9964 5521 2591
3812
2121
1381
262
1431 7538
6799 4041 6249
4382
3929 9386
3543
5305 756
6142 2853
5313 3516
6230 3412
3531
1230 5674
613 7094 6320
5235 2719
2158 9008
3330 8333
971 6920
1428
1154
259
7165 3883
900
1413 8380
6245 3807
48
805
5074 155
2425
7830 1178
7201 8265 1169
2505 9562
4594
6277 2956
9022 3912
3838
2249
237
8359 367
3504 9170
1315 6397
6164 9186 534
8769 181
6355 1451
5089 2951
3528
2481
1641 5382
1564
4424
6938 1333
1679
1699
9511 6966 1413
3295 5342
3029
3143
4893
1370
6749 3137
3725
1388 6375
1810
970 6260 5642 6401
7400 155
3854
4015 9733
1759 6030
2194
564
1934 5544
3262
6954 4949
2428
6512 180
2685 6643
3302
6494 8754 4781 5048
8696 2783
7119 9369 4401
3102 9647 7491
8585 4556
3313
4281
9849 5041
1736
1385
5244 5493 9241 9438 1144
870
2267
1621
4246
1714
1422
4586 7869
4847
3667
5838 818
7501 3710
3975
448
992
448
4477
3163 5497
8280 4891
2008
317 6942 5465
555
6713 4729
4991 6519
7774 3280
2516 7900 8099
2005
4401
3175
6497 3629
1227 5516
3428
5174 2327
7043 575
301 8964
2004
4633
3652 7321
5008
9599 4319
3009
3873 8367
1540
5979 1711
2025
1029 8969 7466
1854
3196
4481 7706
4735
2185
7337 3902 8987
835
2433
2584
3356 9334
5546 1534
1567
4087
2753
1630
6181 1026
1133 6784
4879 5628
1392
3475
802
6906 7920 94
5151 504
1284 9252 9866
1383
7748 2378
4486
791
75 6427
6995 2083
4472
4828
6666 4086
9029 2897
1900
4261
5230 2993
7391 3885
7382 6362 454 9704
3456 6786
3438
3067
6322 9824 1355
9803 601
7452 7884 4290
789 5613
3549 8310
2543
6500 8398 1872
2192
3689
1506 8988
1238 6233
5309 412
5119
3712 8023 5199
5841 2746
5471 1480
6432 7602 9006 1383 7041
4288
3698 8475
4420
4724
283
8403 3141
2231
1215
4629 9447 6131
6160 2533
5276 3149
1394 8911 8884
6919 4804
6776 2242
7217 4064 9681
4899
9060 4951
6758 2379
5083
6115 2952
4953
3032
3912
1664
4238
2900
1985
3512
3472
3415
5354 2510 6319
5921 2694
79
1422
1356
3006 5318 5590
5844 9349 4343
2575
971
7527 7327 4606
1981 5445
2645
631
5152 7747
3240
4594 6265
8951 2850
4475
8737 7891 3617
5300 5689 1679
2600
5439 834
3838
7244 3634
2880
3365 6814
3954
1494
980
1517
126
4345 6824
1826
1008
3 6907
7520 3786 9881
8198 2495
6598 500
960
5458 3838
2297 7314
104
2405
80 6246 7367
5133 5936
1256
1203
2115
4731 6816 6745
4978 7931 8497
2862
2711 6044
7084 4382
597 8293 7166
6071 2268
4200 8376
2852
158
7978 5051 5951
287
2365 7242
1174
1688
6441 608
8528 1186
2094
5267 425
3968
4006
4098 6280
8876 2982
1398
9580 2015
3116
3610 6029
4140 9834 8500
4280
4357
395
157
4630
5252
6332 6326 3153
4765
3618
2518
2035
2435
1382 5781 7456
1505
5166
470 7988
1332 5599
9543 4037 9212
1188 5968
4884
4060
2266
1182
4022
2456
914
5334 1922
745 6247 5683
9019 7329 3230
4502
426
7612 3132
346
2546
4167
5545 7428 1095 6136
185 6817
3984
5205 9822
2061
4614
1198 5528
5930 9366 232 7976
4971 9296
4311 6251 9523
7287 2576 6695
609 6040
5150
3667
2250 7145
3901
4973
2267
403 5705
652 5456
6347 3639
5191 7232
1147
4348
6002 26
4244
898
4873
9816 9096 3551
9814 9925 2699
1401
1314 6054
2637
9176 2069
2688
3112
2594 6540
5288
9481 527
4216
3389
3049 5542
1048 9686
2917
22 5403 6832
5018
5440 7092 311
311
6200 1835
4081
4316
2487
2549
1860 6546
1695 8034
7073 3163
3609 8496
5186 9708
1649 8241
5736 2256
2956
1393 9281
1570
5422 709 6900
2397
5881 2118
4848
1234
1031
1063
1641 6466
9959 607
4384 8920
1666
1206 8005
4422
1199 9445 9635
6390 4275
5638 833 5706
2351 8170
600
2427
4398
2863
3066
9020 5011
4642 8335
4049
3244
4186
3868
296 6311
4823
2542 6180
2802
1279
8633 2096
4081
1371
3131
9772 6360 3887
6395 4840
6128 4113
3559 8042
906 7347 6608
4055
8655 7693 5341
4863
3472 9859 6006
482
5492 2706
1793
6640 582
3918 6704
4562
686
3651
2417
2442
7378 8279 1565
4498
3572
9199 2351
4119
4610
5360
4744
4664
2500 6581
3942
127
5453 278
1788 9469
332 8550
1030
915
2509 6109 7484
2465
6941 3196
2656
2432
1265
5207
5343 9596
3668
478
5518 4179
9113 2227 8173 6636
6118 5196
2243
2574
4135
6696 8144 3524
6327 4860
7804 2
4735 6918
5428
6273 4021
9
5316
2767
5225
2971
297 6599
3898 7529
1926 7148 6141
5589 3408
9549 4818
6902 5071
2827 8088
362
4254
2450
571
5154
4038 5737
4623
3963
3679
1143
4777 6578 7639
8616 1904 9045
7777 8121 4456
877
7044 286
4866
3063
4939 7672
6410 1506 6996
109
4545 6757
1306
6935 1515
6545 9309 3964
3321
5407 6650
5051
4026 8517
4467
4757
7074 5068
2728 7067
6750 1798
4155
4019
1738 5770
735
909
7570 2505
4038
8597 1753
4223
1493
4282
1549
4605 9357
16 9409
4250
3180 8830
5081
859
9694 5443 7808
4180 6060 5859
6413 4216
5564 4961
4375
1378
739
3416
5773 2103 6507
4140
7062 8453 5303
1903
7913 4010
655 5977
572
1495
4693
6086 3898 9660 7624
736 7689
6589 5941 1313
2043 8157 6456 9641
8756 4870
3772
6714 171
5338
45 5967
7090 5034
5297
5107
3356
1896
4
3757 6805
4094 9451
222
3733
3149 5715
3388
5857 646
7758 993
3680
3179
4006 8577
7267 547
7188 2492
7999 1432
5521
896
3516
3446 9508 6948
2664
4821 8476
3179
4610
263 6973
7282 945 7411 8954
3246
4014
2455 8200
9941 1726
6045 4660
466
216 7349
4558
4742
3369
4194
6831 8653 3246
9215 8487 2274
2458 9557 7582
3131 5969
5463
5191
4886
5943 4125 8976
2110
7079 181
4547
2334 7494
6604 3060
9713 288
6227 5278
2905
4557 7340
6606 2178 7204
926 9242 7258
2977
1224
1197
373 9937
8914 5842 4671 6575 8826 7454
1478
715
3428
8960 154 8785
5142 9789
1465
2728
1310
288 9534 9516
7508 5885 761
4125
1645
739
5680 671
2050
4440
741 6826
7674 7468 3380
2397
5114 9759
2142 8596 5944
6765 2759
3327
2923
8985 695
950
3868
1402
2694
5375 7099
4392 6483
555
2951
5027 8467
3992
6292 3038
2836 5860
343
9804 4701
3375
1018 8534
4238
1216
2160
7664 1797
7361 326
374
628
2484
1801
779
3737
1463
3005
5668 308
6025 2793
9053 3305
8092 753
492
5663
2923
2394
288 9589
13
3778
4976
9798 1288
8794 3472
280 7225 5847
881
1897
5622 8990
6450 1830
7832 504
9316 5289
1450
3800 8977
803
7905 3421
3583
5205
7877 3826
7177 4472
227
1384 9120
3801
7572 1635
430
2466
2404 9722
4476
4566 7510
2663
1115
1055
7845 4023
5315
8664 5375
4446
1232
8857 1873
6476 2190
1554
3985
3226
7240 3624
5554
483
8432 209
381
3200 8657
4836
3867 6912
7595 4710 7637
818 6081
9519 3047
6595 3623 6269 9649
1709
1483
3815
4028
314
448 6511 6484
321
7857 2970
8537 577
9069 6154 1950
8520 5356 9144
5472
7824 4570
3404
4937
721 8824
337
4407
173 8740
2083
3569
3772 8519
2887
165
6448 1961
2092 8854
7123 384
4828
6342 2034 6968
3085
1666
705 7104
3160
3146
3822
6582 4799 8393 7835
3717
7061 1350
1942 7698
1340 9050
1149 7790
4807 7010
680
1333
6659 5502
6946 84
850 5831 7610
5526
8971 2923
9478 4855
2808 9344
9842 1148
2038
3918
2662 6767
5274
4209
1048
4525
563
897
9288 6940 565
2500
7317 8
4734
133
3227
339 6252
2632 7396 8492
4565
2177
9738 708
1029
3850
4872
1779
7865 312 6671 6418
3374
6726 6661 9785 2694
771
4698
1051
605
837
1586
9423 951
4114
1730
1871
2280
4356
6318 4331
3921 9661
5955 792
2208
3603 7728
9275 796
57
3031
2030
515 8197
4424 5854
1402
4525
4798
6216 5772
7772 2556
8853 4481
3910 8179
2922
8614 2528
9085 6376 2065
7053 5061 8242
2286
7173 2678
7514 5153
5608 8002
6170 4452
5192
4755 8801
664 7200
5865 5677
3818
6533 222 6163
3790
7042 381
2358 6156
3659
9705 5827
1099
2333
6535 5556 6922 6454
9629 3629
5519
5645 7619
9636 3077
8792 198
4308
9207 1396
5847 8625
1631
6199 796
931
480
8291 228
122 7175
1957
550 8008 8300
1885
2714
3552
1047
4029
116
2709 8892
5362
2680 8997
3509
7154 3751
8837 9517 7190 5618
3414
84 6161
4688
2371
2555
7001 4006
4296
4155
2302 6529 5912
923
3761
3743
1384
4454
7981 1493
8543 2276
4667 9571
2310
4442
4305 5957
3752
2388
4603
534
6250 3308
123
5894 9869
6691 2983
996
6639 4493
3866
3769
1595
3462 9815
3581 6017
5187
2829
3016
3387
965
3095
4296
3287
9966 946 6262
6186 5304
3995 6357
3059 6203
2677
2913 7866
4953
7994 5230 6857
9132 1071
3692
8915 1770
2697
5537
4541
5592
7376 5629 9919
1384
1488
9247 4205
3038
1437
500
5244 6283
9832 3415
2663
3554 7982
5819 8325
3052
6008 5905 8377
1802
3787 7700
570
2695
4477
4128
4581
2179
6800 2964
5543 6285
8053 5280 8717
5588 7304
2129
8447 855
7048 972
1572
7136 1524
9537 2328
9972 1016
5531 7170
1127 8281
5094
4023
2615
1301
6716 9805 4331
942 9027
6219 1890
1099
1508 7781
4256
838
960 6068
6138 6108 272
7031 1977
125
4446
4122
2787
1223
1421
2233
3644 7470
3191
5321
1041
744
432
5405
8786 2143
5957
3593 6016
445 8389
9346 1748
7679 367
4814 9233
2946
4635
6009
5920
1140
4296
687 9719 6602
2841 9954
745
6453 1512
4240
5664 6775 6753
2120
3208
7916 3632 6124
5260
5031
2044
7598 7963 1741
2402
6970 2649 9520
4395
533
6369 223
1777
3945 6460 6506
5308
1240 6610
2886
2284
5237
6633 5578 7135
4606
230 7894
4495 6679
2621
4574
7235 2069
1105
2878
5328
8123 1478
3561
8236 1687 8319
2261
364
5519
1505 7731
4825
4846 8006
8021 3192
9464 2199 8685
1695
4663
5990
9657 3461
3372
5240
3427
398
4613
4292 6317
2198
6350 3159
486 9040
8875 2436
7841 1068
5723 8357
3442
500
1199
2466 6377
5535 9052
508
6345 2270 9725
2755
567
306 6559 9507
1128
176
9103 3905
2888 9211
1692
3562
2883
4044
4823
2887
1821 8962 8510
1359
9402 9838 4363
3321 6121
9637 1800
6513 1055
5991
5433
1583
1625 6382 8117
4419
3235
6830 4562
5175 6577
8211 1294
3037
5445
3991
9084 4133
6105
3746
3977 9010
6838 9527 6028
1938
978
2941
5399
670
399 7773
8906 7726 5164
7375 1066
2771
7586 4824
9605 3847
7903 7861 5297 7629
6384 4600
5991 9456
6761 1829
1774 7339
5462
4972
2441
3430 9504
2214
110
3323
1053
2825
6627 6619 3331
4483
2858
1972
5735
4493
6971 5852
7789 1354
4306
3818
5165 6845
5887
2819 7334
8431 5849
5005 7196
285
4563
7083 2109
7713 3221
871
5843
8742 1907
762
7023 2621
2753 7838
2109 6848
7580 3383
7742 2633
1895 8651
4848
5390
5112
1761
7594 3240
3758 9758 6217
3672 6490 6710
5930
4418
8187 4246
8249 374 7497
2442
6718 4627
2509
3045
4383
3259
2400
3892
3075 9902 6435
5867
5345 8266
2922
8787 1846 8009 7755
6340 5932
3829 7437
2278 7498
3309 7680
2449 6688
2340
1240
6433 3072 7986
3891 7088 8455
969
49
1639
3822
5831
6184
6461 166
5985 6681
1885
2858
2598
9363 6370 3974 6999
1886
9054 6523 6930 7227 1184
3715
5599
8952 6393 675
3794
4974 7548
575 9878
3221
6980 5149 7881
4569
303
7636 4205
559
3693
2976
1763 6653
4052
8324 4210
1775
1286
8925 4988
6603 5229
5289
4546 8998
4967
5910
9005 5306
7788 8032 5793 7681
1672
1245
3293 8234
3550
1226
4541 7504 7800 7493 7992
3168
5027 6267
2064
5929 6465 8560
1243
2184 6276
5201
6371 6886 4356 7146
6260 6859
2084
5725
6743 1961 8445
4227 7892
3989
5454 9792
227
2826
6264
6934 4997
9353 2726
2365
5255
7425 1025
1743 9976
5951
8433 712 7065 7302
8900 5967
9898 798 6797
4687
1177
757
554
4685
5644 7795
2909
7796 1477 9093
2015 7940
3634 8846 8466
4849
1395
3481
2955
4858
358
3336 6927
9193 1709
4948
7297 2582
1008 6937
3029
4277 7722
2389
5388 7544
2624
4713 7046
1771
8671 1495
8247 2709
9833 8684 6075
5817
5186
6564 4977
1608 6503
5139
2631
1530
4700 7077
5268
9151 5450
1578
3172
2753
1587
5268
2394
3662
3118
4630 9870
4662
3287
4794
9828 6203
1968
5754
9612 3812
711
6088 7193
4560 7966
5317
4419 6536
4609
6077
3724
455
6723 4920
3050 9180 6866
9272 5007
6455 2330 7069
5931
9515 4868
2793
8338 5397
713
8143 5135
4404
1019
795
1753 7318
3678
3185 9458
6037
6223 6782
6266
1632 6978 6416
3467 8063
2180
5025
7659 6425 5837
6085
8109 2226
6988 359 6965
2205
2895
8751 6111
2020
6137 6905
356
4648
8610 2276
3647
4205
5374
765 6923
1629
6228
3311 9021
5398
164
5004 8167
1502
4634
2728
7828 5027
2882
7482 3077
7846 3478
2231 8704
3613
4886
2365
9436 3941
6910 5485 8465
1327 6727 8863
2691
5520 9646
4737
3745 7858
6372
4530
6725 5802
2895 9561
414 9382
9659 4369
4307
2662 7029
421
6376
3591
5125
1935
246
4464
1554
5155
6210
191
7291 6198
690
7588 3471
169
3323
3588 8522
5249
2993
7635 130
3297
4744
3472
7521 7754 1683
5750
6849 3202
5681
1311
2188
6023
5857
6356 8926
9004 5538 9322
4100
1105
4687 8586
6039 9882
6218 9244
4438
1517
2482
6262
5367 6888
8044 1383
9619 2977
1193
431
3269
1116 6835
3951
8768 2043
1468 8561
7613 5710
4709
7390 7896 4907
9967 7436 728
4493
458
9012 4348 8321 7374
5639
5731
3279
7476 1897
712 7149
1110
1349 8867
6185
3869 7645
587 9255
8873 672
5041
3142
1932
5080
1261
1887
5145 8320
1502
1638
6321
7707 2927
1621
9036 6039
5526
858
7651 4514
7927 3173 9165
5731
7528 5038
6107
7014 1496
6708 2931
4113 6618
2439
1367
5074
4431
3159
4922
6225
2852
1729
9384 2695
3932
2502
9984 5894 8461
3227
651
2706
5849 8927
2921 9466
5857
6348
1524
3228 7117
9112 2341
5333
3056
8687 4631
7017 2585
220
5490
5350
4768
6993 4457
4104
3314
2203
2409
2544
3094
7745 3876
2259
2567
3833
6091
1527
670
2213
4694 7038
6320 7724
3298
1643
1379
2015 8245
801
3588
195
2811
2998
9927 3578
5608
7760 43
6115
5477 9754
509
7669 3359
5425
5761 7307 8268
202
1859
6730 4766
2891 8802
8316 3398 7448
3128 8608
5537
4704 9123
9294 2967
2892
4550 7171 7381
165
5725
2341
7965 1747
5223 7091
5460 8724
500 8806
1618 7332
6020
6246 8648
5597
1205 8490
5602
3943
5401
2572 7275
8072 6041
2434 8745
149
4598
2798
2960
3093
4902 9390
6516
6150 8448
2701
152
2597
3163
4696 7223
3973
205
6150
1710
874
468
3356
4585
6045 7757
2159
3132
5444
938
9711 894
8423 5915
5409
2883
4844
5039 9630
174
7559 425
4687
3952
2947
283
5492
559
3617
6240
2004 7483
4848
7343 1677
3267
9198 8590 1753
8252 5770
2983
5804 7359
4117
1622
3075
951
5129 8970
7506 1097
6897 330
1202
1762 8617
5802
8483 3635
4309
3145 7825
3850
4435
1577 9739
8677 3765
6048
255
6219
599
7583 448
3786
4231
184
2758
6207
2779
2780
5913
257
4762
3996
5307
5449
85
3356
712
3483
1852
9913 555
3814
5410
340 8217 8412
4648 8185
1290
6515
2298
6185
6763 1691
2075
5073
5541 6972
6740 4288
5983 9757
4387
6191
6872 3852
866 8120
3075
3557
6353 7945 8580
1191
6418 8540 7973
5804
6411 8342
9457 8702 643
2207 9290
6585
4607
828 7577
9642 4805
7366 9078 3186 9930
9 9607
3427
7027 4743
7106 4562
2360
6715
4639
4033
6270
2192
5234
3548
7045 4831 7192
7214 7110 2444
5023
5499
4657 9761
4852
6025
615
4375
4830 8114
5487 9920
5173
826 8972
4675
8512 6139
4845
6711
1374
5630
1992
5780
2859
8958 2571 7778
2008 9781
2842 8763
853 8035
452
1305
7260 6025
5169
301
7132 9217 3649
9483 894
506
4842
6370
4550
5113
9957 9617 4250
5136
1337
1974
8287 3823
1933
2416
130
2260
2554
3339
20
6286 9310
2482
4967
5966
1417
2491
3673 8562
4765
5550
4022
2018
1472
3607
577
3844
2670
4046
5211
456
5234
5298
6967 3449
1776 7172
3748
4387
2450
590 9100
5217
3966
5625
8546 2808
4586
2375
6114
5585
5341
4635
1755
7047 6472
8932 3259
3472
6124
42
8182 2425
2553 7392 8058
8484 1970
2166
17
6160 7685
4233
557
6175 8204
6449 9830
1246
4312
2263
1025
468
247
1045
5936 8257
4436
6267
2140
4285
1676
4071
4074
4531
6354
1090
8713 3014
8693 4340
4881 6891
2808
6719
2247
4764
4004
2413
2352
7003 1702
8574 9378 3424
678
2577
3912
4853
7889 9088 2082
3107 7667
6266
1050
6466
157
3454
6870
3893
2312
4015
3679
3782
6668 9979
4241
1393 8405
9237 5360 8436
4194
5465
1991
9375 3964 8521
9626 6384
5118
5220 7160
2817 8031
1835
6410
237
7451 5721
4705
3001
7005 1842
3290
3862
5452
5168
4981 7665
1967
7597 5857
9169 6391
2764
7348 3313
7341 2007
6303
762
3513 9965
6225 8551
4121 7187
3482
884
6277
5489
1721
8539 6307
5014
7139 3307
5787
5435
7715 5071
633
2458
4192
5771
1554
5567
7769 1311
2842
3450
2332
8793 4546 9864
5036
7197 1802
1359
3039
4482
4365
1639
4800
4900
4354
4514
6379
5017
6818
5754
8536 1887
6034 9437
6156
6714
7569 5572
4574
1900
1521
4627
6372
1875
9031 9106 6233
783
3042
3814
504 8579 8142
3794
2388
1153 9597
6379
3918
9741 12
8919 3684
514
6548 7101
3489 8588
8924 5126
5485
2591
1943
6223
4694 9058
7615 5891
3505
6878 9358
1598
6915 9056
7675 1336
1421
4615
571 7467
5767
3760
2376
737 8669 9656
6514 8738
4327
3064
6543
4553
2287
1230
2245
7654 761 7379
6173 7124
956 7625
4341
2188
6737
3622 9257
6423
1520
5992 9413
7738 2099
2618 7816
4475 7157
146
4356 8402
2528
6563
3023
3137
5155
5851
5084
5481
6747
8566 6313
6835
5972
850
7560 1847
351
8823 2243
5838
370
1233 7109
4748
8753 4571
3321
2741
3576
9282 5763
5528
1328 7535
774 7089
6284
2709
5498
848
8139 6356
7886 4642 9102
3986
897 9159
5352
5497 8331
3474
2654
9743 6325
4056
5594
4616
3000
111 8459
6167
9440 5238
4659 7303
3418
4591 8975
6211
7064
5544
6598
5343 9846
4119
4977
4302
3494
2391
549
5638
60
6993
1917 8852
548
5757
1576 9155
6738
7373 2384
4158
7055
6748
3934
3473
2354
1100
3718
3549
6538
8363 3202
5043 8829
4510
8694 1508
8973 2892 8168
8784 5752 9689
7023
495
1323 8518
2119
4038 8107
3635
8345 4913
3668
6778
1840
873
6045
5974 7211
168
2212
6939
3867
960 9610
3936
7417 3102
3499
5311 8025
6266 9734
3867
5462
6487
8805 4158
8781 1299
715 9874
2573
5884
4354
4490
7034
869
7809 2839 8163
6907
8501 162
102
3525
3696
4985 7853
8727 5239
110
3508 9491
4796 9861
5977
6593
6819
5840
4724
5871
3770
7697 5691
3683 7785
3106 7850
2314
1300
4073
3478
1608 9177
4665
817
6931
5562
1081
5885 9732
4495
8563 6747
6345 9546
1097
1593
6164
6955
3853
305
8767 5846
4994
1574
133
7407 7743 9183 5602
2228
2051 8507
3740
9598 3648
705
2266
7136
4197
3909 7599
6748
8819 3513
1311
7975 5170
3291
3277
2733 7961 9230
1228
2317
8463 6624 8313
1881
5677
1414
6225 7649
1649
3497
4819 9699
1102
5318
4137
2814
6051
7618 1347
573
597
3404
5714 8780
654
5246
1230
5209
4838
4288
1425
1891
3165 7899
7953 3473
3820
3156 8676
3266
3380 8923
3672
4671
9591 9453 1394
8327 8688 5603
8085 1782
6775
4079
1176
4256
4724
1553
2314 7393
5561
2439 7499
4179
9337 2673
1353
3360 9071
8478 4057
1619
6609
400
3012
895 7958 7848
3307
4434
420
9530 5573
3060
2723
2503
2136
5307 9788
3475
1519
4456
6435
4785
4593
9141 217
68
1603
7496 6306
2298
3336
2183
4454
8272 9620 6284 8350
7085
5969
7902 2381 9127
3754
6582 7786
2280
41
4681
1060
1288
4863
5226 9157
2682
8535 3649
5789
9771 6366
1703
1004
8680 5088
1662
2467
2285
1395
4282
5195
2277
5290
7632 3105
3194
6601
3874
6162
3102
886
5102
2408 9614
6140
5601
6926 8836
811 9011
6656
1466
1842 7581
529
5401
6925 8094
5580 9496
19
7704 4524
3970
3842 7591
2583
3392
4713 8509
4612
1571
6661
2968
5654 8239
1093
1728
9809 1934
3553
6734 9059
5229
4397
9430 165
3776
1438 8774
4342
7107
6482
6132
5944
82 7555
5416
7022
9747 789
6593
5135
8307 7647 1214
4558
3138
4358
9313 7471 3787
1496
2116
6478
5134
9474 6841
7266
3935
4579
5794
3710 7734
580
9271 581
5028
8386 3853
335
4785
9917 2603
1743
9396 1023
7204
9273 3000
2579
3205
5573
4666
9953 3657
3443
1929
9945 1031 7898
7143
2580
4603
3743 9115
4456
4264 8928
3390 7531
4564
6281
8640 1773
9779 3072
5297
647 7478
3813
2682
741
8637 3569
3524
1195
6479
6204
4072 8178
683
7768 2924
1678
3189
3751 8759
4399
2653
4625
2636
6587
4299
8140 4723
6912
5141
8886 3894
5608
3080
5274
3867
3038
7933 8757 3127
2703
1489
1478 9943 8516 8816
421
2375
2469
5096
7009
5626
12
6000
7387
8495 1627
1817
2283
7941 151
6486
2091
7429
1746
3643
4901
6403
6654
5433
1286
234
2029
942
3386
4926
5044
752
6258
5596
7670 2470
7297
6189
6205
7268
883
5062
2935
1418
6258
2760
6667
242
5618
3692
5700
2223
106
539
5841 9434
3064
8486 4356
3640
4138
4006 7712
5221
6447
2731 7696
137 9306
2838
3050
3228
5195 8547
6512 9324
5461
644
7423
461
4116
4689
7063
3465
3497 8087
4966
3780 9109
4044 8499
2445
1986
4292
6311
3474
1005
3280
6230
2266
832
2389
2350
9315 1351
114 9532
9487 7377
1476 9663
311
1051
6645
8152 7050 9047
408
583
3200 7971
4792
2334
3575
3854
1856
6973
5505 8135
2259
5695
4397
3972 9194 8180
9048 3237
2540
6732
3998
1981
6176
7345
5587 7906
6683
4474
3493
6134
3504
6437
1115
7705 3675
7353
4371
4722
6183
5722
2425
6922
6032
7213
2318 8842
7842 4148
8898 5155 8603
362 8479
3430
9379 777
1445
262
587 7740
3764
5772
321
5293
6476
4766
7001
2719
724
7236
5860
3251
4606
2549
7766 2363
5535
7764 7024
2032
3329
4486
6136
1225
3974
7330
2469
411
6443
6236
5722
4798
5477
1531
1737 8397
3888
3180
1738
6491 9342
4646 9492
7383
375
7227
1786
6509
3572
3616
7022 8305
322
61
4577
1748
6376
2053
3296
1549
4766
5653
6920
4674
8777 6885
3993
6580
7495
9715 14
5484
3361
5626 9150
7006
2629
2763
2076
6012
6206
9766 6252 9958
418
4311
2372 8372
6845
4093
2926
2667
5536
753
4331
1884
9800 5403
1800 7876
4865
7522
7177
8878 5764
2508
5959
575
2058
9949 1077
7351
7590 9046
5099
6504
1298
1801
2149
984
8388 7519
6168
1083
6942
2996
4226
3315
2254 8939
731
4103
6309
4953 7870
6564
9051 4646
6131
4896
5821
2110
2169
9989 6061
2031
3608
7397 9475
23
4308
3026
7032
3954
7608
190
6177
7204
851
6555
4037
5199
9682 5122
4552
8012 4176
2463
81
4118
6447
6202
2176
6633
5557
314
6576
2617 7991
9500 2916
9796 140 8470
7625
461
7623
1875
7440
6949
969
4533
5832
6130
5075
7806 3161
4475
5479
6769
102
3239
5987
1873
1409
8018 2865
7178
7307
4840 8349
6252
6157
5766
4765
2681
4484 8409 9494
9191 8420 3648
6292
6294 7836
9769 2952
1275
4853
8089 6258 9975
2027
2840
1042
5451
4623
7775
225
5518 9279
7159
4509
2950
3027
1479 8593
1770
4759
7033
2276
4375
1861
3417
2791
287
763
5738
6674
7897 3895
8215 4644
6401 9674 8629
850
4993
2655 8663
5682
4319 7968
3353
5761
7796
2336
6174
4175
3472
6080
8065 7601
2025
4892
5704
6404
2984
9312 9556 7278
3756
8598 7179
4755
829
7165
383
8318 4717
1913
5733 9963
9992 6415
4785
2246
6136
4196 8304
2388
4816
5802
5934
4634
1675
5058 9485
7723
2863
3956
8263 1037
1945
4161
7694
5690
9461 3678
1175
3216
6233
115
4277
5141
4291
7070
4955
4821
6884
1644
5204
6271
163
6047
3458
7918 6478
7826 8256
7416
7249
8681 5076 8014
3671
7305 9484
6136
4485
5687
7582
1953
2956
3202 8007
4952
8132 156
4687
5530
3221
8773 3823
6028
9791 3883
7896
539 9314
8336 5118
3876
3324
3946
9333 2191
3828
2117
6510
820 8584
1479
2446 8626
5235
4443
7459
1276
4602
1052
3991
1380
4027
6295
7475
2816
101
8578 4217
6723
4371
9066 1643
4633 8709
125
1846
4827
895
7250
423
4926
4909
1656
7278
1874
3191
9690 7220
2684
6032
2499
6597
9720 6346
723
7833
559
1887
7563
49
6725
2703
7217
5304
8482 3295
5244
4457
3429
5900
5954
2210
3452
4629
6210 8306
2176
5277
1841
4903
7761
6258
1542
5936
1229
381
2289
4891
9204 5563
477
3013
5842
2105 9618
1091
5371
6063
7909
5873
6202
1872
956
7750
1472
8807 7900
1337
2479 9767
3286
7784
2049
386
6064 8631
2712 9662
5152 8162 9407
2598
7145
2516
4875
3692
1483
8235 3185
9033 6908
6252
462 9224
5351
6772 8849
3671
1562
9035 1933
9016 1946
1588
3639
5400
391
6467
2638
539
741
2026
908 9443
3626
1720
2463
5968
1637
4241 8309
2224
1434 8115
6841
9776 37 9746
486
578
4388
6373
360
7842
4130
2034
3390
11
275
3526
6610
3430
349
2671 9884
1932 8813
646
3960
785
166
543 9675 8129
8127 1073
4296
4918
7259
9154 1540
7537
5466
7800 9501
2786
2506
5666
4417 8119
9995 7348
2854
1266
4249
3582
5076
823
2729
97
3562
1189
4107
180
7128
430 9593
6378
3500
4321
3989
16
6756
8057
9480 2325
6111
3256
8093
6720
5479
3306
6055 8733 8339
1668
2816
4267
8082
4194
8081
9326 4835
8172 4482
7911
9139 4620
891
7570
8811 4790
2285
361
7069
7450 8292
1423
9446 6984 9604
6362 8576
5449
515
3092
3591
1828
1737
4596
972
7560 8458
534
3213
686
4773
5538 8673
780
2257
1867
8735 4360
9880 8023
7159
2846
416
2845
6397
7122
1866
5376 8855
2972
8131
5444
2372
2186
857
9640 360
7438
5834
7574
9355 3237
6840
1126
4594
6706
3383
6188
1892
4399
3893
908
8583 4081
4548
3648
279
2367
5826
5222
1385
5576
4064
2801
871
6848
4578 8415
2913
747
1884
4469
9229 2534
6116
570
3995
1153
7827
356
6705
1823 9652
2801
3748
3411
2684
1018
681
3289
1771
945
1889
4518
8621 2210
4955
3753
2486
6255
8030
6057
110
8591 4885
7361
911
5355
5838
2841
9923 4497
6568
9225 3755
6316
1123
6189
8912 4336 8594
463
6659
8744 2103
981
1789
7897
6857
4182
2266
10
167
4396
7873
1022
4994
6200
2563
6582
2823 9563 9189
4793
1345
8602 7302
4427
186
247
4246
4883
2989
5416
5069
5978 8425
688
4735
2309
4310
2049
6789
1068
9149 1757
479
5870
8140
5239
721
1448
265
2749
1637
440
5873
4001
2158
3303 9476
7862
7654
7986
7383 8354
3138
8055
5143
4391
3201
7223
1371
4373 9361
6587
2949
7855 8613
6057
6500
9179 8385 6482
8493 1826
4904
6242
5955
2272
7258
2897
2516
1909
7074
2852
4980
2003
5383
7920
985
6360
8123
131
3757
6727
3899
553
7130
886
4727
4270
7787
7302
4509
4074
860
8307 8477
3321
3168
6081
604
5002 8568
1304
1333
4703
7118
3032
431 9140
3429
5092
2163 9695
2206
461
264
7684
2423
713
159
9904 5241
5957
3617
4562
4987 9232
1850
8749 9688 4456
1733
975
8321
7401
260
7712
6010
3776
1204
4259
5761
4105 9246
4151
3772
9551 7641
5145
2667
766
4882
7036
5161
2845
6899
4190
3868
4130
8710 7793
2915
894
6705
2668
1377
8205
8494 801
8424 2892
350
2929 9372
7794
3533
67 9826
6639 8565
8417
8281
2537
2163
9777 4941
9264 193
3479
6163
5717
6284
409
3017
6900
2909
3394
3020
4371
2131
3157
4206
2089
6270
9671 2739
5971
6619
170
453
3022
4427
5528
4550
6211
9156 562
3075
8152
7082
4193
6529
4832 9926
7223
405
6410
6296
5642
3377
989
7763
3797
1958
4182
1678
9952 5157
5569
8354 9067
7273
7603
2627
1072
7977
6672
6842
3015
7516
5586
1388
2531
6605
3898
5794
8322
8416
7472
5353
5235
3084
7540
5261 9510
7161
1678
1943
3030
2007
1034
7206
937
8948 7356 9254
6102
8642 2387
6761
2437
1809
2019
7462
5494
7126
5747
5736
6904
6440
2908
3992 9998
2984
3038
2498
5250
4304
2705
1603
2521
1474
5649
7316
6969
5734
3403
6937
6725
1817
3290
5901
359
2872
6827
7527
1965
1101
5430
6930
180
477
4806
4581
4268
2799
8864 3950
2885
6262
6475
6803
7192
4599
8423
7046
1163
8359
2694
2044
853
1328 9380
2849
6879
2515
8143
5560
7944
6984
6723
88
4682
8192
7928
5045
6459
3568
9650 6994
1637
6658
8238
799
9340 7813
8250
1754
5629
5507
7850
3905
4606
3331
8272
9831 9727 7602
4717
1258
2628 9835
821
9978 6588
4195
6387
2635
3133
8318
5836
449
5478
6670
3274
296
121
8230
1888
4701
2942
9262 5865
7930
1509
344
8862 7828
3233
8021
597
5393
2161
2831
537
7433
134
4520 9094
7426
940
8511
4450
3649
1431
2987
3864 9566
6603
8708 3227
967
6178
1286
9896 5585
1328 9146
5403
2089
5719
1893
9082 1479
1749
2795
1983
7831
5706
2515
1155
2150
9070 3963
7013
2155
6315
4719
8157
2054
1909
7252
6678
25
4698
7321
7900
3119
2025
6317
6065
139
6542
7258
295
1497
3952
1235
6869
7121
3038
9099 5042
3139
2850
770
4717
923
6728
155
6405
1115
265
1638 9676
8649
7948
8409
1216
4371 9602
8929 9497 6868
3358
373
4115
5968
3241 9172
156
1398
69
4157
9219 255
6599
1699
30
7166
2828
9251 1639
878
2998
9891 1176
9576 8123
3539
8161 8897
3971
5204
7014
9119 4273
5744 8917
4636
9167 6171
867
8253
8895 6611
4669
1006
2787
8382
570
6382
9570 2289
7057
5041
530
5539
7459 9821
369
7443
3062 8868
871
534
6771
870 9482
3206 8844
3141
7200
6474 9080
5006
2481
9426 572
9947 4457
7915
7371
3138
972 8879
7667
2955
4213
7240 9885
7151
2596
9291 2440
7123
5612
9950 6007
6202
2597
2101 9368
4634
3873
5862 8992
6953
5676
94
1153
1358
26 8896
4899
4067 9841
5845
6586
3351
3523
7150
6600
8014
2119
2796
3947
8136
4103
8076
1490
638
7462
1061
4629
7215
2232
2270 9055
488
7052
5741
4404
5608
1968
3271
7119
5515
4681
2370
63
89
171
7341
5885
397
824
187
1342 9680
7600
645
8765
2715
6296
4609
820
8035
1745
9007 4788
7102
5833
5751
8170
3259
5709
828
1037 9840
3528
9265 9039 3745
8629
8956 6411
8558
2672
8941 2842
6489
8760
4051
2391
1820 9182
668
6493
1519
6079
5256 9049
3418
7698
9818 8776
4948
2654
3434
4701
5167
3483
7453
2966
3721
1396 9951
9477 4762
2248
9137 5880
146
3811
8745
8798
8735
7602
3261
6285
3117
9631 2335
673
9371 2721
499
6131
4483 9684
3625
1024
3373 9223
5167
8250
798
5608
5939
138
8740
1293
6991 8947
5369
151
3324
7254
6995
6245
6455
6533
7422
8713
4855
3576 10000
6836
398
268
2698 9065
2064
2641
3453
7719
864
8866
2560
4648
192
2583
3977
8919
8509
1034
1220
5202
6228
4526
5573
114
8863
2124
6769
9844 1709
5612
2950
6102
63
5085
3780
2227 9373
9383 3993
1275
5096
6666
5774
6759
7122
2618
7087
5592
5685
4667
1361 9090
1334
762
1330
500
1753
5633
2724
5102
5148 9317
1270
9907 5680
471
8792
2949 9077
3985
1064
572
5882
6248
153
2714
4914
862
9997 1199 9728
6456
6251
5155
8851
4979
3408
6123 9307
7342
6482
410
2958
4214
8039
1016
1429
5290
5382
6394
4998
320
111
2178
3238
5984
1389
5130
4104
6980 9076
3819
8031 9872
4293
8038
6506
9
3776
8861
6078
4719
4595
4638
1006
5478
7705
9412 7560
7575 9493
8876
5765
7725
6086
5665
6225
8821
7005
4115
7000
7366
5172 9455
3406
4155
9731 2102
1189
8935
7947
8477
4421
5735
8668
7272
3507
1392
3990
4080
9031
8993
6734
1316
8768
3878
8659
392
6120
5837
4871
149
6884
303
8979
3716 9253
506
6294
8639
3465 9813
5325
2518
1611
8696
6823
1085
7070
6094
3516
1747
6980
3952
33
7539
4446
3065
6539
5444
4662
7420
3031
218
538
9609 8739
5693
3050
2998
6590
1895
1573
789
7305
3338
3704
4200
9374 1932
5937
3730
2026
735
2269
8892
1953
8133
8365
7294
3851
2198
5736
4561
8654
738
3028
8289 9435
7674
6327
3349
3645
9854 8086
7105
9235 8456
7314
2812
7072
1892
2653
4533
9399 3907
3098
6510
2552
8742
4425
6923
5003
4642
8718
9961 3588
2992
651
5330
7184
485
8321
6354
13
8871
7204
3267
2780
5005
3958
4135
8269
935
7794
882
6304
7574 9668
2554
134
1710
6658
5419
2917
663
596
2882
7999
2589
3072
5864
4652
335
3142
6095
5279
1233
2296
5586
4079
6778
2228
9879 8723
4404
1723 9529
4671
8910
8033
8246 9506
650
863 9762 9750
4856
8210
7220
3987
8380
6013
1107
9156
719
6900
348 9905
2121
4943
5051
5603
597
6461
3652
8394
9267 5947
1277
437
901
8729
5120
9091
8509
6492
364
7028
9421 4537
9359 563
4684
4538
8625
3505
8429
8861
1265
9247
3340
936 9450
250
7399
6355
7408
658
5822
4724
1455
3489 9300
7808
1123
5358
7061 9856
2081
1415
1234
1038
4864
5787
1492
6729
8783
857
1487
6591
541
5305
1118 9404
741 9918
4222
9278
3667
3936 9305
4876
2661
9302
7523
9010
336
5490
6797
3434 9554
7848
7387
7919
7553
9667 5683
8988
1934
3698
839
2211
6456
703
7528
3864
8130 9775
2878
3628
576
3237
3631
1585
7924
5106
3328
944
7270
1938
4623
8593 9388
106
7645
3529
5776
3230
6011
9672 4321
2651
5192
3205
16
2981
6278
3415
8181
3813
5512
7003
9259
416
8315
2218
6223
4700
2020
5304
279
8789
5043
27
8904
8419
8966
9131
6904
2848
9893 4803
6879
7605
8572
4397
6420
8967
6526
2007
4969
1224
9340
4387
6617
1455
3791
3485
4832
919
7406
3159
4468
9163
1077
9574 4702
6104
9518 742
9297
3560
4497
8023
4002
5513
747
780
9047
7031
147
3497
746
4944
2641
3657
1862
9258
3332
5811
1674
1676
8771
1735
2760
4655 9996
7369
1411
2437
2003
9524 7514
9149
6409
6970
5051
4497
7084
2250
2079
8049
169
5373
8142
5164
9512 3020
3905
9269
5551
3606
7257
309
9060
6138
6728
6368
3621
689
7878
4121
4390
6065
2257
6534
1053
133
5429
3563 9783
4249
4238
2632
7392
7734
8303
8890
5775
1621
8116
5335
8764
6779
7902
9634 7869
495
7555
2171
3887
3253
7168
7646
9048
7793
3556
7349
8713
455
2134
7762
8089
2448
4530
6144
1221
9225
6091
5567
1443
8500
5017
9448
4745
1656
6358
5617
5885
9403
5724
6034
3279
4761
5306
9434
407
2497
6124
876
9221
7282 9687
1177
7554
4086
5617
2297
1351
5975
3830
269
1324
4592
983
5279
3830
3316
7193
4672
1093
5464 9990
9578 1123
8397
3146
3955
9311
2150
7848
5587
3984
1742
4075
6419
4995
8269
4002
2953
8647
444
526
2794
8752
5902
4828
3961
9401
2583
8733
2222
9550
121
5258
1199
4080
368
1000
340
3748
2496
2498
5671
9784 348
7257
4399
8108
3472
2551
5440
6987
7208
5090
1151
217
8712
404
8142
6135
4488
6735
3679
9119
7141
3158
6343
714
7338
4533
4119
6785
8003
6468
7302
179
178
1943
389
2884
6905
150
566
5858
6643
8902
3097
4498
9485
5373
5861
6106
792
541
8177
5538
6733
3515
1072
4147
6413
5044
106
5725
8588
1894
8218
3472
4856
1459
7013
6069
3944
6421
5535
5818
8022
7556
2058
2043
153
9316
9737 9194
1161
2977
8446
9347
3595
7828
8081
8707
2617
1449
9871 901
8841
5170
7748
4662
8907
4451
5339
9530
8382
7123
7961
3067
1587
2408
5518
8368
3877
3849
2700
7230
751
1594
3723
1219
5135
5854
239
808
5354
4038
3539
6638
3395
5598 9801
3158
7671
3786
646
599
6020
7966
2381
5698
3331
1927
6088
780
8603
9003
3775
643
9063
7190
5030
7146
4839
1369
9668
5797
6677
4294
6990
4146
7077
579
4259
8059
7380
3041
3332
9227
4174
1292
1838
6578
3933
4136
6716
6184
5628
4157
6751
9227
4272
16
3856
7681
8016
2445
7797
2676
7318
5397
1614
3583
9326
8059
8428
2834
7427
1391
6770
3321
9470
9590
5804
920
3701
7287
5613
4478
7917
6273
1969
1241
1496
7763
2132
5675
3893
7693
9713
1162
5140
5647
5983
33
608
1060
7364
215
2066
4275
9095
5326
5919
5325
4382
8879
3027
306
8757
5300
2241
5139
3524
8422
1308
6340
3935
6849
8603
5952
6317
5261
8606
3943
799
6104
3632
8859
8800
5777
3505
8959
2904
7092
242
4203
5048
730
114
2851
4783
9154 9938
2124
9282
9868 3070
3750
5405
1785
7169
3529
1647
6953
3352
5120
4536
9857
5912
6336
9679
9033
1173
7152
2079
239
4550
6231
9219
8162
5221
6460
2774
8075
8780
743
1287
2545
3266
2180
8732
2799
9377
1317
1582
8653
2301
6286
1729
2752
4347
6198
585
8376
9238
4730
8990
1106
1023
567
2247
3800
6702
2112
1101
1760
7404
9298
5944
6757
443
1395
8244
3324
5326
8462
6574
391
3622
6734
1082
278
4347
3693
644
701
5607
9854 9973
3234
4132
5577
75
7462
504
7416
3876
8772
1314
7703
8786
8889
8475
7413
6021
2438
3253
6785
7681
5368
2717
9173
3901
7857
4961
6929
5929
6479
390
1106
179
4804
5976
9938
318
7800
6282
2775
8608
6897
621
2505
3512
3662
6529
4764
2926
4955
397
7731
9549
2465
7858
959
2661
8094
9429
9003
8524
4629
8931
