100
2 8 49 57 
1 3 13 14 28 31 93 
2 4 10 
3 5 12 
4 6 
5 7 17 
6 11 72 
1 9 39 41 
8 20 27 
3 
7 18 26 
4 15 77 
2 46 68 
2 25 
12 16 73 
15 29 67 
6 30 32 
11 19 21 42 54 80 
18 
9 22 23 34 35 
18 53 66 
20 24 63 
20 58 
22 48 
14 71 
11 
9 65 
2 50 88 
16 33 56 
17 99 
2 43 55 87 
17 
29 
20 36 37 38 
20 45 
34 47 
34 40 89 
34 76 
8 
37 44 100 
8 
18 
31 81 
40 
35 
13 83 92 
36 51 52 59 64 96 
24 86 
1 
28 
47 62 
47 
21 
18 
31 
29 
1 
23 
47 60 61 
59 
59 78 79 
51 94 
22 
47 
27 70 
21 
16 69 
13 82 
67 
65 74 75 
25 
7 90 
15 85 
70 
70 
38 
12 
61 
61 95 
18 84 
43 91 
68 
46 
80 
73 
48 
31 
28 
37 
72 
81 
46 
2 97 98 
62 
79 
47 
93 
93 
30 
40 
