125
2 4 6 11 68 
1 3 5 16 67 
2 9 27 53 117 
1 8 22 40 41 
2 33 76 
1 7 13 24 
6 
4 12 14 37 55 77 
3 10 63 72 
9 44 
1 20 21 50 
8 15 
6 
8 18 46 
12 17 45 92 
2 23 80 85 96 
15 29 52 
14 19 51 
18 48 
11 26 28 54 
11 25 90 
4 30 43 
16 35 58 
6 32 62 66 
21 34 113 119 
20 73 74 95 
3 31 91 
20 36 49 
17 39 99 
22 
27 57 
24 38 87 110 
5 81 
25 60 84 
23 42 61 
28 69 
8 
32 
29 70 
4 
4 
35 
22 
10 47 71 79 
15 
14 105 
44 86 98 
19 88 118 
28 
11 
18 
17 125 
3 100 
20 122 
8 56 65 82 
55 
31 59 101 
23 106 
57 
34 114 
35 123 
24 
9 64 
63 
55 83 94 
24 75 107 
2 103 
1 
36 
39 93 
44 78 89 
9 
26 
26 
66 116 
5 109 111 
8 
71 
44 
16 
33 
55 104 
65 108 
34 
16 
47 
32 
48 102 
71 
21 
27 
15 
70 97 
65 
26 
16 
93 
47 121 
29 
53 
57 
88 120 
67 112 
82 
46 
58 
66 115 
83 
76 
32 
76 
103 
25 
60 
107 
75 
3 
48 
25 124 
102 
98 
54 
61 
119 
52 
